,total_voltage,total_current,soc,temp_max,temp_min,motor_voltage,motor_current,total_P,motor_P,tempMAXMINdiff,SOCgap,speed,mileage,milediff,speeddiff,milegap
0,4.1849281499611415,-0.33356836318758426,1.6912000916374457,-1.1423959216644004,-1.1727801594531129,2.170317006074734,-0.32333441302787397,-0.3272380736589527,-0.3200012472157545,0.5579759688800654,-1.6167856582914277,0.0,43694.0,-0.6999999999970896,,0.0
1,4.114829475857317,-0.354100492294944,1.6912000916374457,-1.1423959216644004,-1.1727801594531129,2.170317006074734,-0.32333441302787397,-0.34891226288866795,-0.3200012472157545,0.5579759688800654,-1.6167856582914277,0.0,43694.0,0.0,0.0,0.0
2,4.027206133227532,-0.354100492294944,1.6912000916374457,-1.1423959216644004,-1.1727801594531129,2.089856988927967,-0.32333441302787397,-0.3489512032214558,-0.3200012472157545,0.5579759688800654,-1.6167856582914277,0.0,43694.0,0.0,0.0,0.0
3,3.974632127649668,-0.354100492294944,1.6912000916374457,-1.1423959216644004,-1.1727801594531129,2.089856988927967,-0.32333441302787397,-0.3489745674211284,-0.3200012472157545,0.5579759688800654,-1.6167856582914277,0.0,43694.0,0.0,0.0,0.0
4,3.9045334535458434,-0.354100492294944,1.6912000916374457,-1.1423959216644004,-1.1727801594531129,2.089856988927967,-0.32333441302787397,-0.3490057196873588,-0.3200012472157545,0.5579759688800654,-1.6167856582914277,0.0,43694.0,0.0,0.0,0.0
5,3.8519594479679595,-0.354100492294944,1.6912000916374457,-1.1423959216644004,-1.1727801594531129,2.089856988927967,-0.32333441302787397,-0.34902908388703147,-0.3200012472157545,0.5579759688800654,-1.6167856582914277,0.0,43694.0,0.0,0.0,0.0
6,3.799385442390096,-0.354100492294944,1.6912000916374457,-1.1423959216644004,-1.1727801594531129,2.0093969717811997,-0.32333441302787397,-0.34905244808670416,-0.3200012472157545,0.5579759688800654,-1.6167856582914277,0.0,43694.0,0.0,0.0,0.0
7,3.7468114368122127,-0.354100492294944,1.6912000916374457,-1.1423959216644004,-1.1727801594531129,2.0093969717811997,-0.32333441302787397,-0.34907581228637685,-0.3200012472157545,0.5579759688800654,-1.6167856582914277,0.0,43694.0,0.0,0.0,0.0
8,3.6942374312343493,-0.354100492294944,1.6912000916374457,-1.1423959216644004,-1.1727801594531129,2.0093969717811997,-0.32333441302787397,-0.3490991764860496,-0.3200012472157545,0.5579759688800654,-1.6167856582914277,0.0,43694.0,0.0,0.0,0.0
9,3.641663425656486,-0.354100492294944,1.6912000916374457,-1.1423959216644004,-1.1727801594531129,1.9289369546344328,-0.32333441302787397,-0.3491225406857223,-0.3200012472157545,0.5579759688800654,-1.6167856582914277,0.0,43694.0,0.0,0.0,0.0
10,3.6066140886045637,-0.354100492294944,1.6912000916374457,-1.1423959216644004,-1.1727801594531129,1.9289369546344328,-0.32333441302787397,-0.34913811681883744,-0.3200012472157545,0.5579759688800654,-1.6167856582914277,0.0,43694.0,0.0,0.0,0.0
11,3.5540400830267,-0.354100492294944,1.6912000916374457,-1.1423959216644004,-1.1727801594531129,1.9289369546344328,-0.32333441302787397,-0.34916148101851013,-0.3200012472157545,0.5579759688800654,-1.6167856582914277,0.0,43694.0,0.0,0.0,0.0
12,3.5189907459747776,-0.354100492294944,1.6912000916374457,-1.1423959216644004,-1.1727801594531129,1.9289369546344328,-0.32333441302787397,-0.3491770571516253,-0.3200012472157545,0.5579759688800654,-1.6167856582914277,0.0,43694.0,0.0,0.0,0.0
13,3.466416740396914,-0.354100492294944,1.6912000916374457,-1.1423959216644004,-1.1727801594531129,1.848476937487666,-0.32333441302787397,-0.349200421351298,-0.3200012472157545,0.5579759688800654,-1.6167856582914277,0.0,43694.0,0.0,0.0,0.0
14,3.431367403344992,-0.354100492294944,1.6912000916374457,-1.1423959216644004,-1.1727801594531129,1.848476937487666,-0.32333441302787397,-0.3492159974844131,-0.3200012472157545,0.5579759688800654,-1.6167856582914277,0.0,43694.0,0.0,0.0,0.0
15,3.3963180662930696,-0.354100492294944,1.6912000916374457,-1.1423959216644004,-1.1727801594531129,1.848476937487666,-0.32333441302787397,-0.34923157361752827,-0.3200012472157545,0.5579759688800654,-1.6167856582914277,0.0,43694.0,0.0,0.0,0.0
16,3.3437440607152062,-0.354100492294944,1.6912000916374457,-1.1423959216644004,-1.1727801594531129,1.848476937487666,-0.32333441302787397,-0.34925493781720096,-0.3200012472157545,0.5579759688800654,-1.6167856582914277,0.0,43694.0,0.0,0.0,0.0
17,3.308694723663284,-0.354100492294944,1.6912000916374457,-1.1423959216644004,-1.1727801594531129,1.7680169203408989,-0.32333441302787397,-0.3492705139503161,-0.3200012472157545,0.5579759688800654,-1.6167856582914277,0.0,43694.0,0.0,0.0,0.0
18,3.2736453866113813,-0.354100492294944,1.6912000916374457,-1.1423959216644004,-1.1727801594531129,1.7680169203408989,-0.32333441302787397,-0.3492860900834312,-0.3200012472157545,0.5579759688800654,-1.6167856582914277,0.0,43694.0,0.0,0.0,0.0
19,3.238596049559459,-0.354100492294944,1.6912000916374457,-1.1423959216644004,-1.1727801594531129,1.7680169203408989,-0.32333441302787397,-0.3493016662165464,-0.3200012472157545,0.5579759688800654,-1.6167856582914277,0.0,43694.0,0.0,0.0,0.0
20,3.2035467125075567,-0.354100492294944,1.6912000916374457,-1.1423959216644004,-1.1727801594531129,1.7680169203408989,-0.32333441302787397,-0.34931724234966155,-0.3200012472157545,0.5579759688800654,-1.6167856582914277,0.0,43694.0,0.0,0.0,0.0
21,3.1684973754556345,-0.354100492294944,1.6912000916374457,-1.1423959216644004,-1.1727801594531129,1.7680169203408989,-0.32333441302787397,-0.34933281848277664,-0.3200012472157545,0.5579759688800654,-1.6167856582914277,0.0,43694.0,0.0,0.0,0.0
22,3.133448038403712,-0.354100492294944,1.6912000916374457,-1.1423959216644004,-1.1727801594531129,1.687556903194132,-0.32333441302787397,-0.3493483946158918,-0.3200012472157545,0.5579759688800654,-1.6167856582914277,0.0,43694.0,0.0,0.0,0.0
23,3.09839870135181,-0.354100492294944,1.6912000916374457,-1.1423959216644004,-1.1727801594531129,1.687556903194132,-0.32333441302787397,-0.34936397074900694,-0.3200012472157545,0.5579759688800654,-1.6167856582914277,0.0,43694.0,0.0,0.0,0.0
24,3.0633493642998877,-0.354100492294944,1.6912000916374457,-1.1423959216644004,-1.1727801594531129,1.687556903194132,-0.32333441302787397,-0.3493795468821221,-0.3200012472157545,0.5579759688800654,-1.6167856582914277,0.0,43694.0,0.0,0.0,0.0
25,3.028300027247985,-0.354100492294944,1.6912000916374457,-1.1423959216644004,-1.1727801594531129,1.687556903194132,-0.32333441302787397,-0.34939512301523723,-0.3200012472157545,0.5579759688800654,-1.6167856582914277,0.0,43694.0,0.0,0.0,0.0
26,2.9757260216701416,-0.354100492294944,1.6912000916374457,-1.1423959216644004,-1.1727801594531129,1.6473268946207484,-0.32333441302787397,-0.34941848721490987,-0.3200012472157545,0.5579759688800654,-1.6167856582914277,0.0,43694.0,0.0,0.0,0.0
27,2.9582013531441405,-0.354100492294944,1.6912000916374457,-1.1423959216644004,-1.1727801594531129,1.607096886047365,-0.32333441302787397,-0.34942627528146747,-0.3200012472157545,0.5579759688800654,-1.6167856582914277,0.0,43694.0,0.0,0.0,0.0
28,2.923152016092238,-0.354100492294944,1.6912000916374457,-1.1423959216644004,-1.1727801594531129,1.607096886047365,-0.32333441302787397,-0.3494418514145826,-0.3200012472157545,0.5579759688800654,-1.6167856582914277,0.0,43694.0,0.0,0.0,0.0
29,2.905627347566277,-0.354100492294944,1.6912000916374457,-1.1423959216644004,-1.1727801594531129,1.607096886047365,-0.32333441302787397,-0.3494496394811402,-0.3200012472157545,0.5579759688800654,-1.6167856582914277,0.0,43694.0,0.0,0.0,0.0
30,2.870578010514355,-0.354100492294944,1.6912000916374457,-1.1423959216644004,-1.1727801594531129,1.607096886047365,-0.32333441302787397,-0.3494652156142553,-0.3200012472157545,0.5579759688800654,-1.6167856582914277,0.0,43694.0,0.0,0.0,0.0
31,2.5200846399952117,-0.08718281389926752,1.6912000916374457,-1.1423959216644004,-1.1727801594531129,1.4461768517538311,-0.32333441302787397,-0.07307062751940119,-0.3200012472157545,0.5579759688800654,-1.6167856582914277,4.0,43694.0,0.0,4.0,0.0
32,1.59127720811949,0.5082489302141646,1.6912000916374457,-1.1423959216644004,-1.1727801594531129,0.9634167488732293,0.3038576698045606,0.5347684971324854,0.3272232007426096,0.5579759688800654,-1.6167856582914277,13.0,43694.0,0.0,9.0,0.0
33,1.4510798599118406,0.6930380921804021,1.6912000916374457,-1.1423959216644004,-1.1727801594531129,0.7220366974329284,0.9059620693236977,0.7227179073663043,0.9415757721514553,0.5579759688800654,-1.6167856582914277,13.0,43694.0,0.0,0.0,0.0
34,-0.7745530428847268,2.4793333245206988,1.6395456994882116,-1.1423959216644004,-1.1727801594531129,-0.484863559768576,0.6550852361907239,2.4835763918330405,0.6563219879320075,0.5579759688800654,-1.5646164569151775,37.0,43694.1,0.0999999999985448,24.0,0.0999999999985448
35,0.25940240014674176,-0.2103755885434259,1.6395456994882116,-1.1423959216644004,-1.1727801594531129,0.4001966288458606,-0.32333441302787397,-0.20523022296807275,-0.3200012472157545,0.5579759688800654,-1.5646164569151775,44.0,43694.2,0.0999999999985448,7.0,0.1999999999970896
36,0.34702574277652753,-0.10771494300662725,1.6395456994882116,-1.1423959216644004,-1.1727801594531129,0.4001966288458606,-0.32333441302787397,-0.10110377309337182,-0.3200012472157545,0.5579759688800654,-1.5646164569151775,21.0,43694.3,0.10000000000582077,-23.0,0.3000000000029104
37,-0.1787143130021873,-0.2103755885434259,1.6395456994882116,-1.1423959216644004,-1.1727801594531129,0.1588165774055597,-0.32333441302787397,-0.2061063804557993,-0.3200012472157545,0.5579759688800654,-1.5646164569151775,44.0,43694.4,0.0999999999985448,23.0,0.4000000000014552
38,0.1542543889909948,-0.16931133032870643,1.6395456994882116,-1.1423959216644004,-1.1727801594531129,0.3197366116990936,-0.32333441302787397,-0.16394568214639815,-0.3200012472157545,0.5579759688800654,-1.5646164569151775,33.0,43694.5,0.0999999999985448,-11.0,0.5
39,0.294451737198664,-0.12824707211398698,1.6395456994882116,-1.1423959216644004,-1.1727801594531129,0.4001966288458606,-0.32333441302787397,-0.12204588406667545,-0.3200012472157545,0.5579759688800654,-1.5646164569151775,18.0,43694.6,0.0999999999985448,-15.0,0.5999999999985448
40,0.3119764057246252,0.05654208985225058,1.6395456994882116,-1.1423959216644004,-1.1727801594531129,0.4001966288458606,-0.32333441302787397,0.06504683884581079,-0.3200012472157545,0.5579759688800654,-1.5646164569151775,3.0,43694.6,0.0,-15.0,0.5999999999985448
41,0.294451737198664,0.15920273538904922,1.6395456994882116,-1.1423959216644004,-1.1727801594531129,0.4001966288458606,-0.32333441302787397,0.16885397799165147,-0.3200012472157545,0.5579759688800654,-1.5646164569151775,0.0,43694.6,0.0,-3.0,0.5999999999985448
42,-0.9147503910923761,2.0276264841587848,1.6395456994882116,-1.1423959216644004,-1.1727801594531129,-0.2434835083282751,1.834206351915701,2.0279978624149124,1.845172355568997,0.5579759688800654,-1.5646164569151775,15.0,43694.6,0.0,15.0,0.5999999999985448
43,-0.4941583464694082,0.8162308668245605,1.6395456994882116,-1.1423959216644004,-1.1727801594531129,-0.32394352547504207,1.8843817185422957,0.8234292900555112,1.8913449914160083,0.5579759688800654,-1.5646164569151775,28.0,43694.7,0.0999999999985448,13.0,0.6999999999970896
44,-0.35396099826175886,0.4466525428920854,1.6395456994882116,-1.1423959216644004,-1.1727801594531129,-0.08256347403474118,0.8056113360705082,0.4538465915660621,0.8172136727198959,0.5579759688800654,-1.5646164569151775,36.0,43694.8,0.10000000000582077,8.0,0.8000000000029104
45,-0.24881298710601193,0.46718467199944513,1.5878913073389775,-1.1423959216644004,-1.1727801594531129,-0.08256347403474118,0.855786702697103,0.47546237029659555,0.8677565580503692,0.5579759688800654,-1.5124472555389272,44.0,43694.9,0.0999999999985448,8.0,0.9000000000014552
46,-0.3189116612098366,0.6930380921804021,1.5878913073389775,-1.1423959216644004,-1.1727801594531129,-0.08256347403474118,0.6801729195040213,0.7018731472249706,0.6908564593937124,0.5579759688800654,-1.5124472555389272,46.0,43695.0,0.0999999999985448,2.0,1.0
47,-1.0023737337221619,1.4527268691527122,1.5878913073389775,-1.1423959216644004,-1.1727801594531129,-0.2434835083282751,1.2822773190231584,1.4519690956174174,1.2912907362519672,0.5579759688800654,-1.5124472555389272,50.0,43695.1,0.0999999999985448,4.0,1.0999999999985448
48,-0.4065350038396224,0.7135702212877618,1.5878913073389775,-1.1423959216644004,-1.1727801594531129,-0.16302349118150813,1.257189635709861,0.7214640286505357,1.2691069698522202,0.5579759688800654,-1.5124472555389272,51.0,43695.3,0.2000000000043656,1.0,1.3000000000029104
49,-0.9322750596183372,1.309001965401194,1.5878913073389775,-1.1423959216644004,-1.1727801594531129,-0.2434835083282751,1.0063128025768873,1.3098290928752203,1.0143499265934526,0.5579759688800654,-1.5124472555389272,53.0,43695.4,0.0999999999985448,2.0,1.4000000000014552
50,0.11920505193909242,-0.16931133032870643,1.5878913073389775,-1.1423959216644004,-1.1727801594531129,0.3197366116990936,-0.32333441302787397,-0.16403135087853132,-0.3200012472157545,0.5579759688800654,-1.5124472555389272,28.0,43695.5,0.0999999999985448,-25.0,1.5
51,0.2418777316207806,-0.12824707211398698,1.5878913073389775,-1.1423959216644004,-1.1727801594531129,0.3197366116990936,-0.32333441302787397,-0.12219775136454808,-0.3200012472157545,0.5579759688800654,-1.5124472555389272,9.0,43695.6,0.0999999999985448,-19.0,1.5999999999985448
52,0.1893037260429171,-0.12824707211398698,1.5878913073389775,-1.1423959216644004,-1.1727801594531129,0.3197366116990936,-0.32333441302787397,-0.12234961866242065,-0.3200012472157545,0.5579759688800654,-1.5124472555389272,15.0,43695.6,0.0,6.0,1.5999999999985448
53,0.4696984224582356,-0.2925041049728648,1.5878913073389775,-1.1423959216644004,-1.1727801594531129,0.4001966288458606,-0.4487728295943609,-0.28807967500749443,-0.4477835418952408,0.5579759688800654,-1.5124472555389272,4.0,43695.7,0.0999999999985448,-11.0,1.6999999999970896
54,0.399599748354411,-0.1487792012213467,1.5878913073389775,-1.1423959216644004,-1.1727801594531129,0.4001966288458606,-0.32333441302787397,-0.14254407524619764,-0.3200012472157545,0.5579759688800654,-1.5124472555389272,0.0,43695.7,0.0,-4.0,1.6999999999970896
55,0.43464908540631336,-0.1487792012213467,1.5878913073389775,-1.1423959216644004,-1.1727801594531129,0.48065664599262753,-0.32333441302787397,-0.142450618447507,-0.3200012472157545,0.5579759688800654,-1.5124472555389272,0.0,43695.7,0.0,0.0,1.6999999999970896
56,0.4696984224582356,-0.1487792012213467,1.5878913073389775,-1.1423959216644004,-1.1727801594531129,0.48065664599262753,-0.32333441302787397,-0.14235716164881598,-0.3200012472157545,0.5579759688800654,-1.5124472555389272,0.0,43695.7,0.0,0.0,1.6999999999970896
57,0.3119764057246252,0.2207991227111284,1.5878913073389775,-1.1423959216644004,-1.1727801594531129,0.23927659455232667,0.47947145299764227,0.23130648371679938,0.4947652651792444,0.5579759688800654,-1.5124472555389272,4.0,43695.7,0.0,4.0,1.6999999999970896
58,-1.3178177671894027,2.746251002916375,1.5878913073389775,-1.1423959216644004,-1.1727801594531129,-0.404403542621809,1.909469401855593,2.732140324084421,1.912246184597783,0.5579759688800654,-1.5124472555389272,28.0,43695.7,0.0,24.0,1.6999999999970896
59,0.17177905751695594,-0.005054297469828603,1.5878913073389775,-1.1423959216644004,-1.1727801594531129,0.3197366116990936,-0.07245757989490015,0.00210757896081487,-0.06491168497454974,0.5579759688800654,-1.5124472555389272,35.0,43695.8,0.10000000000582077,7.0,1.8000000000029104
60,-0.8621763855145126,1.3500662236159136,1.5362369151897435,-1.1423959216644004,-1.1727801594531129,-0.16302349118150813,1.0815758525167793,1.3521650226821667,1.0925393901780007,0.5579759688800654,-1.460278054162677,44.0,43695.9,0.0999999999985448,9.0,1.9000000000014552
61,-0.8271270484625903,1.2884698362938343,1.5362369151897435,-1.1423959216644004,-1.0375429987495934,-0.16302349118150813,1.1066635358300767,1.2912389780023028,1.1177633301314607,0.09622096990923672,-1.460278054162677,49.0,43696.0,0.0999999999985448,5.0,2.0
62,-0.7219790373068633,1.021552157898158,1.5362369151897435,-1.1423959216644004,-1.0375429987495934,-0.08256347403474118,0.7052606028173187,1.0259696429849359,0.7161279020589492,0.09622096990923672,-1.460278054162677,53.0,43696.2,0.1999999999970896,4.0,2.1999999999970896
63,-0.6869297002549409,0.7956987377172008,1.4845825230405094,-1.1423959216644004,-1.0375429987495934,-0.00210345688797422,0.22859461986466842,0.8003415667455971,0.23701555107854108,0.09622096990923672,-1.4081088527864267,54.0,43696.3,0.10000000000582077,1.0,2.3000000000029104
64,-0.4065350038396224,0.7135702212877618,1.4845825230405094,-1.1423959216644004,-1.0375429987495934,-0.00210345688797422,0.5547345029375343,0.7214640286505357,0.5661618409797157,0.09622096990923672,-1.4081088527864267,53.0,43696.5,0.1999999999970896,-1.0,2.5
65,-0.8621763855145126,1.5964517729042302,1.4845825230405094,-1.1423959216644004,-1.0375429987495934,-0.2434835083282751,1.3575403689630505,1.5984236872325066,1.3668200479770167,0.09622096990923672,-1.4081088527864267,53.0,43696.6,0.0999999999985448,0.0,2.5999999999985453
66,-0.7044543687809021,1.0420842870055176,1.4845825230405094,-1.1423959216644004,-1.0375429987495934,-0.08256347403474118,0.7052606028173187,1.0467949329598762,0.7161279020589492,0.09622096990923672,-1.4081088527864267,56.0,43696.8,0.2000000000043656,3.0,2.8000000000029104
67,-0.38901033531366125,0.6519738339656826,1.4845825230405094,-1.1423959216644004,-1.0375429987495934,0.07835656025879274,0.4042084030577501,0.6597942236144235,0.41562574735916114,0.09622096990923672,-1.4081088527864267,53.0,43696.9,0.0999999999985448,-3.0,2.9000000000014547
68,-0.6869297002549409,1.1036806743275966,1.4845825230405094,-1.1423959216644004,-1.0375429987495934,-0.08256347403474118,0.8306990193838056,1.1087490024253397,0.8424851153851325,0.09622096990923672,-1.4081088527864267,53.0,43697.1,0.1999999999970896,0.0,3.0999999999985453
69,-0.37148566678772005,0.5698453175362438,1.4845825230405094,-1.1423959216644004,-1.0375429987495934,0.07835656025879274,0.3038576698045606,0.5774704660676376,0.3141599550040004,0.09622096990923672,-1.4081088527864267,53.0,43697.2,0.0999999999985448,0.0,3.1999999999970896
70,-0.5642570205732329,0.9188915123613591,1.4845825230405094,-0.9893345235975787,-1.0375429987495934,-0.00210345688797422,0.07806851998488414,0.9254490679263898,0.08510187881646045,0.5579759688800654,-1.4081088527864267,53.0,43697.3,0.10000000000582077,0.0,3.3000000000029104
71,0.3295010742505664,-0.5388896542611815,1.4845825230405094,-0.9893345235975787,-1.0375429987495934,0.4001966288458606,-0.8000003959805242,-0.537671632044474,-0.8055739669978021,0.5579759688800654,-1.4081088527864267,51.0,43697.5,0.1999999999970896,-2.0,3.5
72,0.9954384782369504,-0.9084679781936567,1.4845825230405094,-0.9893345235975787,-1.0375429987495934,0.7220366974329284,-1.2515786956198771,-0.9155252572180617,-1.272620629186913,0.5579759688800654,-1.4081088527864267,12.0,43697.6,0.0999999999985448,-39.0,3.5999999999985453
73,0.5047477595101381,-0.1487792012213467,1.4845825230405094,-0.9893345235975787,-1.0375429987495934,0.48065664599262753,-0.32333441302787397,-0.1422637048501253,-0.3200012472157545,0.5579759688800654,-1.4081088527864267,0.0,43697.6,0.0,-12.0,3.5999999999985453
