,total_voltage,total_current,soc,temp_max,temp_min,motor_voltage,motor_current,total_P,motor_P,tempMAXMINdiff,SOCgap,speed,mileage,milediff,speeddiff,milegap
0,1.9417705786386332,0.5287810593215243,1.6912000916374457,0.8474022532042823,0.4500657689891209,1.2852568174602972,-0.32333441302787397,0.5593398471216164,-0.3200012472157545,1.0197309678508941,-1.6167856582914277,32.0,43968.1,0.0999999999985448,,0.0
1,2.2922639491577765,-0.08718281389926752,1.6912000916374457,0.8474022532042823,0.4500657689891209,1.2852568174602972,-0.32333441302787397,-0.07382996400876418,-0.3200012472157545,1.0197309678508941,-1.6167856582914277,29.0,43968.2,0.0999999999985448,-3.0,0.0999999999985448
2,2.1871159380020293,-0.354100492294944,1.6912000916374457,0.8474022532042823,0.4500657689891209,1.20479680031353,-0.32333441302787397,-0.3497689502100006,-0.3200012472157545,1.0197309678508941,-1.6167856582914277,24.0,43968.2,0.0,-5.0,0.0999999999985448
3,2.1170172638982048,-0.354100492294944,1.6912000916374457,0.8474022532042823,0.4500657689891209,1.20479680031353,-0.32333441302787397,-0.34980010247623083,-0.3200012472157545,1.0197309678508941,-1.6167856582914277,3.0,43968.3,0.10000000000582077,-21.0,0.2000000000043656
4,0.5573217650880214,0.9599557705760786,1.6395456994882116,0.8474022532042823,0.4500657689891209,0.48065664599262753,1.056488169203482,0.9830729723858446,1.0882166434063154,1.0197309678508941,-1.5646164569151775,37.0,43968.4,0.0999999999985448,34.0,0.3000000000029104
5,1.3284071802301325,-0.39516475050966343,1.6395456994882116,0.8474022532042823,0.4500657689891209,0.8024967145796954,-0.32333441302787397,-0.3921671845494076,-0.3200012472157545,1.0197309678508941,-1.5646164569151775,33.0,43968.5,0.0999999999985448,-4.0,0.4000000000014552
6,1.3985058543339572,-0.3746326214023037,1.6395456994882116,0.8474022532042823,0.4500657689891209,0.8829567317264624,-0.32333441302787397,-0.3711432988772494,-0.3200012472157545,1.0197309678508941,-1.5646164569151775,28.0,43968.5,0.0,-5.0,0.4000000000014552
7,1.4335551913858795,-0.3746326214023037,1.6395456994882116,0.8474022532042823,0.4500657689891209,0.8829567317264624,-0.32333441302787397,-0.3711355108106918,-0.3200012472157545,1.0197309678508941,-1.5646164569151775,9.0,43968.6,0.0999999999985448,-19.0,0.5
8,1.4686045284377818,-0.3746326214023037,1.6395456994882116,0.8474022532042823,0.4500657689891209,0.8829567317264624,-0.32333441302787397,-0.37112772274413425,-0.3200012472157545,1.0197309678508941,-1.5646164569151775,0.0,43968.6,0.0,-9.0,0.5
9,0.609895770665885,1.4116626109379928,1.6395456994882116,0.8474022532042823,0.4500657689891209,0.4001966288458606,1.8091186686024037,1.4425143828165274,1.852297762335511,1.0197309678508941,-1.5646164569151775,17.0,43968.6,0.0,17.0,0.5
10,1.0304878152888528,-0.3746326214023037,1.6395456994882116,0.8474022532042823,0.4500657689891209,0.7220366974329284,-0.32333441302787397,-0.37122507357610385,-0.3200012472157545,1.0197309678508941,-1.5646164569151775,29.0,43968.7,0.0999999999985448,12.0,0.5999999999985448
11,0.20682839456887822,0.9188915123613591,1.6395456994882116,0.8474022532042823,0.4500657689891209,0.3197366116990936,1.0063128025768873,0.9364146656394472,1.0319734326626309,1.0197309678508941,-1.5646164569151775,38.0,43968.8,0.10000000000582077,9.0,0.7000000000043656
12,0.8026671244514177,-0.4156968796170232,1.6395456994882116,0.8474022532042823,0.4500657689891209,0.5611166631393945,-0.32333441302787397,-0.4130586730900871,-0.3200012472157545,1.0197309678508941,-1.5646164569151775,41.0,43968.9,0.0999999999985448,3.0,0.8000000000029104
13,0.9253398041331258,-0.39516475050966343,1.6395456994882116,0.8474022532042823,0.4500657689891209,0.48065664599262753,0.8056113360705082,-0.3921671845494076,0.8321770269295754,1.0197309678508941,-1.5646164569151775,36.0,43969.0,0.0999999999985448,-5.0,0.9000000000014552
14,-0.0034676277426156686,1.1858091907570356,1.6395456994882116,0.8474022532042823,0.4500657689891209,0.1588165774055597,1.2822773190231584,1.2026847672094614,1.3064916040205308,1.0197309678508941,-1.5646164569151775,45.0,43969.1,0.0999999999985448,9.0,1.0
15,0.20682839456887822,0.3439918973552868,1.6395456994882116,0.8474022532042823,0.4500657689891209,0.3197366116990936,0.32894535311785794,0.35516010618182314,0.3432316146113779,1.0197309678508941,-1.5646164569151775,47.0,43969.2,0.0999999999985448,2.0,1.0999999999985448
16,0.38207507982844985,0.6725059630730424,1.6395456994882116,0.8474022532042823,0.4500657689891209,0.3197366116990936,0.7805236527572108,0.6893304660340049,0.8023928266455465,1.0197309678508941,-1.5646164569151775,44.0,43969.4,0.2000000000043656,-3.0,1.3000000000029104
17,0.1893037260429171,0.8778272541466396,1.6395456994882116,0.8474022532042823,0.4500657689891209,0.3197366116990936,0.9059620693236977,0.8946550527577608,0.9299376077661489,1.0197309678508941,-1.5646164569151775,42.0,43969.5,0.0999999999985448,-2.0,1.4000000000014552
18,0.25940240014674176,0.7135702212877618,1.6395456994882116,0.8474022532042823,0.4500657689891209,0.3197366116990936,0.7303482861306161,0.7294545849386017,0.7513749141973055,1.0197309678508941,-1.5646164569151775,41.0,43969.6,0.0999999999985448,-1.0,1.5
19,0.04910637783526777,1.4937911273674316,1.6395456994882116,0.8474022532042823,0.4500657689891209,-0.16302349118150813,0.8056113360705082,1.5144449655422376,0.8150760506899416,1.0197309678508941,-1.5646164569151775,37.0,43969.7,0.0999999999985448,-4.0,1.5999999999985448
20,0.6975191132956707,-0.33356836318758426,1.6395456994882116,0.8474022532042823,0.4500657689891209,0.4001966288458606,0.45438376968434485,-0.32956281152638717,0.4722489797970599,1.0197309678508941,-1.5646164569151775,38.0,43969.8,0.10000000000582077,1.0,1.7000000000043656
21,0.1542543889909948,0.7341023503951216,1.6395456994882116,0.8474022532042823,0.4500657689891209,0.23927659455232667,0.7805236527572108,0.74894032746564,0.8003027073273691,1.0197309678508941,-1.5646164569151775,42.0,43969.9,0.0999999999985448,4.0,1.8000000000029104
22,0.4521737539322745,0.3439918973552868,1.5878913073389775,0.8474022532042823,0.4500657689891209,0.4001966288458606,0.4042084030577501,0.3571226989543307,0.42113606192526537,1.0197309678508941,-1.5124472555389272,42.0,43970.0,0.0999999999985448,0.0,1.9000000000014552
23,0.4696984224582356,0.07707421895961031,1.5878913073389775,0.8474022532042823,0.4500657689891209,0.4001966288458606,0.15333156992477628,0.08663535934339277,0.165571472566293,1.0197309678508941,-1.5124472555389272,42.0,43970.1,0.0999999999985448,0.0,2.0
