,total_voltage,total_current,soc,temp_max,temp_min,motor_voltage,motor_current,total_P,motor_P,tempMAXMINdiff,SOCgap,speed,mileage,milediff,speeddiff,milegap
0,-0.6694050317289798,-0.3746326214023037,-1.563026613764299,-0.6832117274639352,-0.631831516639035,-0.2434835083282751,-0.32333441302787397,-0.37160279480414593,-0.3200012472157545,0.09622096990923672,-1.6167856582914277,26.0,43359.0,0.0,,0.0
1,-0.7307413715698339,-0.42254092265280974,-1.5716356791225046,-0.6832117274639352,-0.631831516639035,-0.2837135169016586,-0.3860536213111174,-0.41956819872112205,-0.38288296193024146,0.09622096990923672,-1.6080907913953861,28.33333333333333,43359.18333333333,0.18333333333430346,2.3333333333333286,0.1833333333270275
2,-0.792077711410688,-0.4704492239033157,-1.5802447444807102,-0.6832117274639352,-0.631831516639035,-0.32394352547504207,-0.4487728295943609,-0.4674700000945447,-0.44564591986528657,0.09622096990923672,-1.5993959244993445,30.666666666666664,43359.36666666667,0.18333333333430346,2.3333333333333357,0.3666666666686069
3,-0.8534140512515419,-0.5183575251538218,-1.588853809838916,-0.6832117274639352,-0.631831516639035,-0.36417353404842556,-0.5114920378776043,-0.5153081989244138,-0.5082901210208897,0.09622096990923672,-1.5907010576033027,33.0,43359.55,0.1833333333270275,2.3333333333333357,0.5500000000029104
4,-0.9147503910923761,-0.5662658264043278,-1.5974628751971216,-0.6832117274639352,-0.631831516639035,-0.404403542621809,-0.5742112461608477,-0.5630827952107296,-0.5708155653970509,0.09622096990923672,-1.5820061907072611,35.33333333333333,43359.73333333333,0.18333333333430346,2.3333333333333286,0.7333333333299379
5,-0.9760867309332302,-0.6141741276548338,-1.6060719405553272,-0.6832117274639352,-0.631831516639035,-0.4446335511951925,-0.6369304544440912,-0.6107937889534917,-0.6332222529937702,0.09622096990923672,-1.5733113238112195,37.66666666666666,43359.91666666666,0.18333333333430346,2.3333333333333286,0.9166666666569654
6,-1.3002930986634416,-0.5594217833685412,-1.614681005913533,-0.6832117274639352,-0.631831516639035,-0.484863559768576,-0.6243866127874426,-0.5555608209272106,-0.6204083964919891,0.09622096990923672,-1.5646164569151775,46.0,43359.8,-0.11666666666133095,8.333333333333343,0.8000000000029104
7,-1.2652437616115193,-0.6056190738601006,-1.6275946039508415,-0.6832117274639352,-0.631831516639035,-0.484863559768576,-0.6620181377573886,-0.6015951088406828,-0.6579592901515183,0.09622096990923672,-1.551574156571115,47.25,43360.0,0.1999999999970896,1.25,1.0
8,-1.230194424559617,-0.65181636435166,-1.64050820198815,-0.6832117274639352,-0.631831516639035,-0.484863559768576,-0.6996496627273346,-0.647664443053664,-0.6955101838110477,0.09622096990923672,-1.5385318562270525,48.5,43360.2,0.1999999999970896,1.25,1.1999999999970896
9,-1.1951450875077345,-0.6980136548432194,-1.6534218000254586,-0.6832117274639352,-0.631831516639035,-0.484863559768576,-0.7372811876972808,-0.6937688235661543,-0.733061077470577,0.09622096990923672,-1.52548955588299,49.75,43360.4,0.2000000000043656,1.25,1.4000000000014552
10,-1.0374230707740841,-0.6620824289053399,-1.614681005913533,-0.6832117274639352,-0.631831516639035,-0.484863559768576,-0.6996496627273346,-0.6584411801527005,-0.6955101838110477,0.09622096990923672,-1.5646164569151775,40.0,43360.1,-0.3000000000029104,-9.75,1.0999999999985448
11,-1.2082885889021704,-0.41056384734018325,-1.6275946039508415,-0.6832117274639352,-0.631831516639035,-0.565323576915343,-0.42995706710938786,-0.4075006707158618,-0.42619355939270304,0.09622096990923672,-1.551574156571115,41.75,43360.3,0.2000000000043656,1.75,1.3000000000029104
12,-1.3791541070302569,-0.15904526577502656,-1.64050820198815,-0.6832117274639352,-0.631831516639035,-0.64578359406211,-0.160264471491441,-0.15749034847849286,-0.15789824327755875,0.09622096990923672,-1.5385318562270525,43.5,43360.5,0.1999999999970896,1.75,1.5
13,-1.5500196251583231,0.0924733157901301,-1.6534218000254586,-0.6832117274639352,-0.631831516639035,-0.7262436112088768,0.10942812412650586,0.09158978655940653,0.10937576453438515,0.09622096990923672,-1.52548955588299,45.25,43360.7,0.1999999999970896,1.75,1.6999999999970896
14,-1.1600957504557923,-0.7442109453347788,-1.666335398062767,-0.6832117274639352,-0.631831516639035,-0.484863559768576,-0.7749127126672268,-0.7399082503781537,-0.7706119711301063,0.09622096990923672,-1.5124472555389272,51.0,43360.6,-0.0999999999985448,5.75,1.5999999999985448
15,-1.4667774496600425,-0.18984345943606615,-1.666335398062767,-0.6832117274639352,-0.631831516639035,-0.64578359406211,-0.160264471491441,-0.18829507223863834,-0.15789824327755875,0.09622096990923672,-1.5124472555389272,50.0,43360.8,0.2000000000043656,-1.0,1.8000000000029104
16,-1.7208851432864094,0.3439918973552868,-1.666335398062767,-0.6832117274639352,-0.631831516639035,-0.8067036283556438,0.3791207197444527,0.339739734397836,0.3756284640431287,0.09622096990923672,-1.5124472555389272,47.0,43360.9,0.0999999999985448,-3.0,1.9000000000014552
17,-1.773459148864293,0.3645240264626465,-1.666335398062767,-0.6832117274639352,-0.631831516639035,-0.8067036283556438,0.45438376968434485,0.3596382444524255,0.45016021882086615,0.09622096990923672,-1.5124472555389272,49.0,43361.0,0.0999999999985448,2.0,2.0
18,-1.8435578229681175,0.46718467199944513,-1.666335398062767,-0.6832117274639352,-0.631831516639035,-0.8871636455024108,0.5045591363109396,0.4605793751050806,0.4982804658507247,0.09622096990923672,-1.5124472555389272,47.0,43361.2,0.1999999999970896,-2.0,2.1999999999970896
19,-1.9136564970719423,0.46718467199944513,-1.666335398062767,-0.6832117274639352,-0.631831516639035,-0.8871636455024108,0.5045591363109396,0.4599251775142449,0.4982804658507247,0.09622096990923672,-1.5124472555389272,49.0,43361.3,0.10000000000582077,2.0,2.3000000000029104
20,-1.9859457547415196,0.5287810593215243,-1.666335398062767,-0.6832117274639352,-0.631831516639035,-0.9173361519324483,0.5704143050083452,0.5200660877342742,0.5627364501226884,0.09622096990923672,-1.5124472555389272,49.25,43361.45,0.1500000000014552,0.25,2.4499999999970896
21,-2.058235012411097,0.5903774466436035,-1.666335398062767,-0.6832117274639352,-0.631831516639035,-0.947508658362486,0.6362694737057509,0.5801106206306537,0.6270989134308415,0.09622096990923672,-1.5124472555389272,49.5,43361.60000000001,0.1500000000014552,0.25,2.6000000000130967
22,-2.130524270080654,0.6519738339656826,-1.666335398062767,-0.6832117274639352,-0.631831516639035,-0.9776811647925236,0.7021246424031565,0.6400587762033831,0.6913678557751841,0.09622096990923672,-1.5124472555389272,49.75,43361.75,0.14999999999417926,0.25,2.75
23,-2.2028135277502314,0.7135702212877618,-1.666335398062767,-0.6832117274639352,-0.631831516639035,-1.0078536712225612,0.7679798111005621,0.6999105544524628,0.7555432771557163,0.09622096990923672,-1.5124472555389272,50.0,43361.9,0.1500000000014552,0.25,2.9000000000014547
24,-2.2751027854198087,0.7751666086098411,-1.666335398062767,-0.6832117274639352,-0.631831516639035,-1.0380261776525987,0.8338349797979677,0.7596659553778924,0.8196251775724379,0.09622096990923672,-1.5124472555389272,50.25,43362.05,0.1500000000014552,0.25,3.0500000000029104
25,-2.347392043089346,0.8367629959319203,-1.666335398062767,-0.6832117274639352,-0.631831516639035,-1.0681986840826365,0.8996901484953734,0.8193249789796726,0.883613557025349,0.09622096990923672,-1.5124472555389272,50.5,43362.2,0.14999999999417926,0.25,3.1999999999970896
26,-2.4196813007589233,0.8983593832539994,-1.666335398062767,-0.6832117274639352,-0.631831516639035,-1.098371190512674,0.965545317192779,0.8788876252578026,0.9475084155144498,0.09622096990923672,-1.5124472555389272,50.75,43362.35,0.1500000000014552,0.25,3.3499999999985453
27,-2.421871884324696,1.7812409348704679,-1.666335398062767,-0.6832117274639352,-0.631831516639035,-1.2090037140894787,2.110170868361972,1.746381375693208,2.066820008719362,0.09622096990923672,-1.5124472555389272,31.0,43362.2,-0.1500000000014552,-19.75,3.1999999999970896
28,-2.351773210220871,1.4321947400453525,-1.666335398062767,-0.6832117274639352,-0.631831516639035,-1.1285436969427116,1.671136410379268,1.404792882444941,1.6399843920492791,0.09622096990923672,-1.5124472555389272,36.5,43362.6,0.4000000000014552,5.5,3.5999999999985453
29,-2.4919705584285206,0.9599557705760786,-1.666335398062767,-0.6832117274639352,-0.631831516639035,-1.1285436969427116,1.0314004858901846,0.9383538942122821,1.01130975303974,0.09622096990923672,-1.5124472555389272,51.0,43362.5,-0.0999999999985448,14.5,3.5
30,-2.0275668424906597,0.626308672581483,-1.666335398062767,-0.6832117274639352,-0.631831516639035,-0.9072786497891026,0.6927167611606699,0.6158972732168442,0.6837726175000031,0.09622096990923672,-1.5124472555389272,38.25,43362.675,0.17500000000291038,-12.75,3.6750000000029104
31,-1.563163126552799,0.29266157458688746,-1.666335398062767,-0.6832117274639352,-0.631831516639035,-0.6860136026354934,0.35403303643115536,0.29008691606005327,0.35270840561084166,0.09622096990923672,-1.5124472555389272,25.5,43362.85,0.17499999999563445,-12.75,3.849999999998545
32,-1.0987594106149383,-0.04098552340770813,-1.666335398062767,-0.6832117274639352,-0.631831516639035,-0.46474855548188426,0.015349311701640684,-0.039077177258090935,0.01811711737225581,0.09622096990923672,-1.5124472555389272,12.75,43363.025,0.17499999999563445,-12.75,4.025000000001455
33,-2.2816745361170465,1.083148545220237,-1.666335398062767,-0.6832117274639352,-0.631831516639035,-1.0480836797959447,1.2321019523965637,1.06267480067076,1.2114861804670094,0.09622096990923672,-1.5124472555389272,42.0,43363.0,-0.02499999999417924,29.25,4.0
34,-1.9370227217732172,0.8846712971824262,-1.666335398062767,-0.6832117274639352,-0.631831516639035,-0.9139836512179936,1.0815758525167793,0.872122445525256,1.067711306156014,0.09622096990923672,-1.5124472555389272,31.0,43363.066666666666,0.06666666666569654,-11.0,4.0666666666656965
35,-1.5923709074294075,0.6861940491446153,-1.666335398062767,-0.6832117274639352,-0.631831516639035,-0.7798836226400517,0.9310497526369951,0.6800894923930845,0.9229863776094831,0.09622096990923672,-1.5124472555389272,20.0,43363.13333333333,0.06666666666569654,-11.0,4.133333333331393
36,-0.6343556946770774,-0.3746326214023037,-1.666335398062767,-0.6832117274639352,-0.631831516639035,-0.2434835083282751,-0.32333441302787397,-0.37159500673758844,-0.3200012472157545,0.09622096990923672,-1.5124472555389272,0.0,43363.2,0.06666666666569654,-20.0,4.1999999999970905
37,-1.4492527811340814,0.4261204137847257,-1.6921625941373841,-0.6832117274639352,-0.631831516639035,-0.6860136026354934,0.6174537112207779,0.42347702602482074,0.6143177150434068,0.09622096990923672,-1.4863626548508022,14.5,43363.25,0.05000000000291038,14.5,4.25
38,-1.2477190930855782,0.4877168011068049,-1.666335398062767,-0.6832117274639352,-0.631831516639035,-0.64578359406211,0.7805236527572108,0.4865759412742469,0.7773113948274168,0.09622096990923672,-1.5124472555389272,9.0,43363.2,-0.05000000000291038,-5.5,4.1999999999970905
39,-2.2641498675910854,1.226873448971755,-1.7179897902120012,-0.6832117274639352,-0.631831516639035,-1.1285436969427116,1.5582418354694296,1.204425400085078,1.5290418086946544,0.09622096990923672,-1.460278054162677,29.0,43363.3,0.10000000000582077,20.0,4.3000000000029095
40,-2.544544564006404,1.226873448971755,-1.7179897902120012,-0.6832117274639352,-0.631831516639035,-1.2090037140894787,1.3575403689630505,1.1995033420206942,1.3286278677085013,0.09622096990923672,-1.460278054162677,42.0,43363.4,0.0999999999985448,13.0,4.400000000001455
41,-2.307961538905978,1.0420842870055176,-1.7179897902120012,-0.6832117274639352,-0.631831516639035,-1.088313688369328,1.2070142690832664,1.0218536498092607,1.1853359376339025,0.09622096990923672,-1.460278054162677,38.5,43363.55,0.1500000000014552,-3.5,4.5500000000029095
42,-0.4591090094175058,-0.3746326214023037,-1.7179897902120012,-0.6832117274639352,-0.631831516639035,-0.16302349118150813,-0.32333441302787397,-0.37155606640480054,-0.3200012472157545,0.09622096990923672,-1.460278054162677,14.0,43363.6,0.049999999995634425,-24.5,4.599999999998545
43,-0.5905440233621846,-0.3746326214023037,-1.7179897902120012,-0.6832117274639352,-0.631831516639035,-0.2434835083282751,-0.32333441302787397,-0.3715852716543914,-0.3200012472157545,0.09622096990923672,-1.460278054162677,7.0,43363.75,0.1500000000014552,-7.0,4.75
44,-2.0713785138055525,0.85729512503928,-1.7179897902120012,-0.6832117274639352,-0.631831516639035,-0.9676236626491778,1.056488169203482,0.8432577075110824,1.0411889587473224,0.09622096990923672,-1.460278054162677,35.0,43363.7,-0.05000000000291038,28.0,4.6999999999970905
45,-1.7944887510954024,0.6109095757509633,-1.7179897902120012,-0.6832117274639352,-0.631831516639035,-0.8388876352143487,0.7805236527572108,0.6032380630800117,0.772295108463791,0.09622096990923672,-1.460278054162677,28.0,43363.74,0.04000000000087312,-7.0,4.739999999997963
46,-1.517598988385312,0.3645240264626465,-1.7179897902120012,-0.6832117274639352,-0.631831516639035,-0.7101516077795198,0.5045591363109396,0.36174180122962496,0.5017291627257177,0.09622096990923672,-1.460278054162677,21.0,43363.78,0.04000000000087312,-7.0,4.779999999998836
47,-1.2407092256751817,0.11813847717432976,-1.7179897902120012,-0.6832117274639352,-0.631831516639035,-0.5814155803446817,0.22859461986466842,0.11876892195992354,0.22949112153310236,0.09622096990923672,-1.460278054162677,14.0,43363.82,0.04000000000087312,-7.0,4.819999999999709
48,-0.9638194629650314,-0.12824707211398712,-1.7179897902120012,-0.6832117274639352,-0.631831516639035,-0.45267955290985273,-0.04736989658160277,-0.12568057472909305,-0.04441901511405508,0.09622096990923672,-1.460278054162677,7.0,43363.86,0.04000000000087312,-7.0,4.860000000000582
49,-0.7219790373068633,-0.3746326214023037,-1.7179897902120012,-0.6832117274639352,-0.631831516639035,-0.32394352547504207,-0.32333441302787397,-0.37161447690398236,-0.3200012472157545,0.09622096990923672,-1.460278054162677,0.0,43363.9,0.04000000000087312,-7.0,4.900000000001455
50,-0.6986128126055884,-0.3746326214023037,-1.7179897902120012,-0.6832117274639352,-0.631831516639035,-0.29712351975945,-0.32333441302787397,-0.37160928485961064,-0.3200012472157545,0.09622096990923672,-1.460278054162677,0.0,43363.9,0.0,0.0,4.900000000001455
51,-0.6752465879043135,-0.3746326214023037,-1.7179897902120012,-0.6832117274639352,-0.631831516639035,-0.270303514043858,-0.32333441302787397,-0.37160409281523893,-0.3200012472157545,0.09622096990923672,-1.460278054162677,0.0,43363.9,0.0,0.0,4.900000000001455
52,-0.6869297002549409,-0.3746326214023037,-1.7179897902120012,-0.6832117274639352,-0.631831516639035,-0.32394352547504207,-0.32333441302787397,-0.37160668883742476,-0.3200012472157545,0.09622096990923672,-1.460278054162677,0.0,43363.9,0.0,0.0,4.900000000001455
53,-0.6518803632030187,-0.3746326214023037,-1.7179897902120012,-0.6832117274639352,-0.631831516639035,-0.2434835083282751,-0.32333441302787397,-0.37159890077086716,-0.3200012472157545,0.09622096990923672,-1.460278054162677,0.0,43363.9,0.0,0.0,4.900000000001455
54,-0.6869297002549409,-0.354100492294944,-1.7179897902120012,-0.6832117274639352,-0.631831516639035,-0.32394352547504207,-0.32333441302787397,-0.3510461931254419,-0.3200012472157545,0.09622096990923672,-1.460278054162677,1.0,43363.9,0.0,1.0,4.900000000001455
55,-0.6518803632030187,-0.354100492294944,-1.7179897902120012,-0.6832117274639352,-0.631831516639035,-0.2434835083282751,-0.32333441302787397,-0.3510306169923268,-0.3200012472157545,0.09622096990923672,-1.460278054162677,0.0,43363.9,0.0,-1.0,4.900000000001455
56,-0.8621763855145126,0.03600996074489085,-1.7179897902120012,-0.6832117274639352,-0.631831516639035,-0.404403542621809,-0.17280831314808967,0.03878547841368727,-0.16951265630697673,0.09622096990923672,-1.460278054162677,3.0,43363.9,0.0,3.0,4.900000000001455
57,-0.8446517169885515,-0.12824707211398698,-1.7179897902120012,-0.6832117274639352,-0.631831516639035,-0.36417353404842556,-0.24807136308798183,-0.12533634218724846,-0.2446856976937005,0.09622096990923672,-1.460278054162677,2.0,43363.95,0.049999999995634425,-1.0,4.9499999999970905
58,-0.8621763855145126,-0.33356836318758426,-1.7179897902120012,-0.6832117274639352,-0.631831516639035,-0.404403542621809,-0.24807136308798183,-0.3306025184118226,-0.24475695176136564,0.09622096990923672,-1.460278054162677,1.0,43364.0,0.05000000000291038,-1.0,5.0
59,-0.7657907086217561,-0.354100492294944,-1.7179897902120012,-0.6832117274639352,-0.631831516639035,-0.32394352547504207,-0.2857028880579279,-0.35108123942495095,-0.28230784542089493,0.09622096990923672,-1.460278054162677,0.5,43364.0,0.0,-0.5,5.0
60,-0.8271270484625903,-0.2925041049728648,-1.7179897902120012,-0.6832117274639352,-0.631831516639035,-0.32394352547504207,-0.32333441302787397,-0.2895204673206448,-0.3200012472157545,0.09622096990923672,-1.460278054162677,1.0,43364.0,0.0,0.5,5.0
61,-0.7219790373068633,-0.3438344277412641,-1.7179897902120012,-0.6832117274639352,-0.631831516639035,-0.2837135169016586,-0.32333441302787397,-0.3407854154358444,-0.3200012472157545,0.09622096990923672,-1.460278054162677,0.5,43364.0,0.0,-0.5,5.0
62,-0.6694050317289798,-0.3746326214023037,-1.7179897902120012,-0.6832117274639352,-0.631831516639035,-0.2434835083282751,-0.32333441302787397,-0.37160279480414593,-0.3200012472157545,0.09622096990923672,-1.460278054162677,0.0,43364.0,0.0,-0.5,5.0
63,-0.6168310261511163,-0.39516475050966343,-1.7179897902120012,-0.6832117274639352,-0.631831516639035,-0.2434835083282751,-0.32333441302787397,-0.3921671845494076,-0.3200012472157545,0.09622096990923672,-1.460278054162677,0.0,43364.0,0.0,0.0,5.0
