,total_voltage,total_current,soc,temp_max,temp_min,motor_voltage,motor_current,total_P,motor_P,tempMAXMINdiff,SOCgap,speed,mileage,milediff,speeddiff,milegap
0,0.25940240014674176,-3.1670021800032266,-2.1828793195551075,-0.6832117274639352,-0.7670686773425545,0.1588165774055597,-2.8571904276709095,-3.196221608269431,-2.886810278073017,0.5579759688800654,-1.6167856582914277,38.0,45477.0,0.0,,0.0
1,-1.1600957504557923,-0.354100492294944,-2.1828793195551075,-0.6832117274639352,-0.7670686773425545,-0.484863559768576,-0.32333441302787397,-0.35125647092249623,-0.3200012472157545,0.5579759688800654,-1.6167856582914277,0.0,45477.0,0.0,-38.0,0.0
2,-3.9289933775570156,1.9454979677293456,-2.2345337117043416,-0.6832117274639352,-0.7670686773425545,-1.6917638169700804,1.7338556186625116,1.869604164767068,1.6743526040197656,0.5579759688800654,-1.5646164569151775,40.0,45477.1,0.0999999999985448,40.0,0.0999999999985448
3,-2.8424639289476636,1.0420842870055176,-2.2345337117043416,-0.6832117274639352,-0.7670686773425545,-1.2894637312362456,1.0063128025768873,1.0135398887590554,0.9816205581792645,0.5579759688800654,-1.5646164569151775,40.0,45477.2,0.0999999999985448,0.0,0.1999999999970896
4,-1.4229657783451497,-0.43622900872438286,-2.2345337117043416,-0.6832117274639352,-0.7670686773425545,-0.64578359406211,-0.32333441302787397,-0.43296107717795534,-0.3200012472157545,0.5579759688800654,-1.5646164569151775,29.0,45477.3,0.10000000000582077,-11.0,0.3000000000029104
5,-4.051666057238714,1.9660300968367055,-2.2345337117043416,-0.6832117274639352,-0.7670686773425545,-2.0136038855571483,-0.24807136308798183,1.8863095675330541,-0.24760711446797126,0.5579759688800654,-1.5646164569151775,45.0,45477.4,0.0999999999985448,16.0,0.4000000000014552
6,-4.016616720186802,1.7401766766557485,-2.2345337117043416,-0.6832117274639352,-0.7670686773425545,-1.8526838512636143,1.633504885409322,1.6691782719080233,1.569656627263785,0.5579759688800654,-1.5646164569151775,49.0,45477.5,0.0999999999985448,4.0,0.5
7,-2.1239525193834363,-0.723678816227419,-2.2345337117043416,-0.6832117274639352,-0.7670686773425545,-0.8871636455024108,-0.7749127126672268,-0.7160261442793675,-0.7663367270701978,0.5579759688800654,-1.5646164569151775,49.0,45477.6,0.0999999999985448,0.0,0.5999999999985448
8,-2.2466251990651243,0.2618633809258479,-2.2345337117043416,-0.6832117274639352,-0.7670686773425545,-1.0480836797959447,0.15333156992477628,0.2546784714560647,0.14932554513864088,0.5579759688800654,-1.5646164569151775,47.0,45477.8,0.2000000000043656,-2.0,0.8000000000029104
9,-1.12504641340387,-0.579953912475901,-2.2345337117043416,-0.6832117274639352,-0.7670686773425545,-0.484863559768576,-0.6996496627273346,-0.5763354884695265,-0.6955101838110477,0.5579759688800654,-1.5646164569151775,35.0,45477.9,0.0999999999985448,-12.0,0.9000000000014552
10,-4.016616720186802,2.1918835170176623,-2.2345337117043416,-0.6832117274639352,-0.7670686773425545,-1.8526838512636143,2.411223068121541,2.105232118466326,2.320674500454371,0.5579759688800654,-1.5646164569151775,45.0,45478.0,0.0999999999985448,10.0,1.0
11,-2.947611940103411,0.9599557705760786,-2.2345337117043416,-0.6832117274639352,-0.7670686773425545,-1.3699237483830125,1.056488169203482,0.9316717331058875,1.0281257130087131,0.5579759688800654,-1.5646164569151775,46.0,45478.1,0.0999999999985448,1.0,1.0999999999985448
12,-2.2816745361170465,-0.005054297469828603,-2.2345337117043416,-0.6832117274639352,-0.7670686773425545,-0.9676236626491778,0.15333156992477628,-0.008250549560752243,0.15022809666239934,0.5579759688800654,-1.5646164569151775,47.0,45478.2,0.0999999999985448,1.0,1.1999999999970896
13,-2.562069232532365,0.3645240264626465,-2.2345337117043416,-0.6832117274639352,-0.7670686773425545,-1.2090037140894787,0.35403303643115536,0.3531546790432491,0.34437167969402016,0.5579759688800654,-1.5646164569151775,47.0,45478.4,0.2000000000043656,0.0,1.4000000000014552
14,-3.0352352827331965,0.9188915123613591,-2.2345337117043416,-0.6832117274639352,-0.7670686773425545,-1.3699237483830125,1.0314004858901846,0.8903093116186372,1.0036143137319047,0.5579759688800654,-1.5646164569151775,47.0,45478.5,0.0999999999985448,0.0,1.5
15,-3.0001859456812943,0.7956987377172008,-2.2345337117043416,-0.6832117274639352,-0.7670686773425545,-1.3699237483830125,0.7303482861306161,0.7705288479632221,0.7094775224102027,0.5579759688800654,-1.5646164569151775,47.0,45478.6,0.0999999999985448,0.0,1.5999999999985448
16,-2.4569212213766183,0.32345976824792705,-2.2345337117043416,-0.6832117274639352,-0.7670686773425545,-1.1285436969427116,0.3791207197444527,0.3136847577294881,0.3703081603241315,0.5579759688800654,-1.5646164569151775,46.0,45478.8,0.2000000000043656,-1.0,1.8000000000029104
17,-1.3353424357153638,-0.2719719758655051,-2.2345337117043416,-0.6832117274639352,-0.7670686773425545,-0.64578359406211,-0.12263294652149491,-0.2696686856654007,-0.12048985775335973,0.5579759688800654,-1.5646164569151775,22.0,45478.9,0.0999999999985448,-24.0,1.9000000000014552
18,-3.4733519958821257,1.1242128034349563,-2.2345337117043416,-0.6832117274639352,-0.7670686773425545,-1.5308437826765464,1.1568389024566716,1.0834923025791425,1.1205659901262894,0.5579759688800654,-1.5646164569151775,46.0,45479.0,0.0999999999985448,24.0,2.0
19,-3.08780928831108,0.3439918973552868,-2.2345337117043416,-0.6832117274639352,-0.7670686773425545,-1.1285436969427116,-0.6243866127874426,0.3288052889510088,-0.61584813616142,0.5579759688800654,-1.5646164569151775,53.0,45479.1,0.0999999999985448,7.0,2.0999999999985453
20,-1.5105891209749356,-0.33356836318758426,-2.2345337117043416,-0.6832117274639352,-0.7670686773425545,-0.64578359406211,-0.32333441302787397,-0.3310347561057677,-0.3200012472157545,0.5579759688800654,-1.5646164569151775,0.0,45479.2,0.0999999999985448,-53.0,2.1999999999970896
21,-1.563163126552799,-0.33356836318758426,-2.2345337117043416,-0.6832117274639352,-0.7670686773425545,-0.64578359406211,-0.32333441302787397,-0.3310698024052768,-0.3200012472157545,0.5579759688800654,-1.5646164569151775,0.0,45479.2,0.0,0.0,2.1999999999970896
22,-1.5281137895008767,-0.33356836318758426,-2.2345337117043416,-0.6832117274639352,-0.7670686773425545,-0.64578359406211,-0.32333441302787397,-0.33104643820560403,-0.3200012472157545,0.5579759688800654,-1.5646164569151775,0.0,45479.2,0.0,0.0,2.1999999999970896
23,-1.4930644524489745,-0.33356836318758426,-2.2345337117043416,-0.6832117274639352,-0.7670686773425545,-0.64578359406211,-0.32333441302787397,-0.3310230740059314,-0.3200012472157545,0.5579759688800654,-1.5646164569151775,0.0,45479.2,0.0,0.0,2.1999999999970896
24,-4.507307438913604,2.9515722939899725,-2.2345337117043416,-0.6832117274639352,-0.7670686773425545,-2.174523919850682,0.6299975528774265,2.8208230379754617,0.5933808948277995,0.5579759688800654,-1.5646164569151775,36.0,45479.2,0.0,36.0,2.1999999999970896
25,-3.8764193719791424,1.391130481830633,-2.2861881038535756,-0.6832117274639352,-0.7670686773425545,-1.7722238341168473,1.4077157355896455,1.3349378194568238,1.3548968673210497,0.5579759688800654,-1.5124472555389272,53.0,45479.3,0.10000000000582077,17.0,2.3000000000029104
26,-3.2630559735706517,0.7649005440561611,-2.2861881038535756,-0.6832117274639352,-0.7670686773425545,-1.4906137741031629,0.7930674944138595,0.7371589297806771,0.7675852145911252,0.5579759688800654,-1.5124472555389272,53.0,45479.55,0.25,0.0,2.5500000000029104
27,-3.08780928831108,1.021552157898158,-2.2861881038535756,-0.6832117274639352,-0.7670686773425545,-1.4503837655297795,1.0314004858901846,0.9896967229930571,1.0010491672959596,0.5579759688800654,-1.5124472555389272,50.0,45479.6,0.049999999995634425,-3.0,2.5999999999985453
28,-2.649692575162151,0.13867060628168948,-2.2861881038535756,-0.6832117274639352,-0.7670686773425545,-1.2090037140894787,0.17841925323807367,0.13106627905432539,0.172126846791486,0.5579759688800654,-1.5124472555389272,53.0,45479.8,0.2000000000043656,3.0,2.8000000000029104
29,-2.877513265999586,0.5082489302141646,-2.2861881038535756,-0.6832117274639352,-0.7670686773425545,-1.2894637312362456,0.529646819624237,0.4910774437445219,0.5150014203961445,0.5579759688800654,-1.5124472555389272,54.0,45479.9,0.0999999999985448,1.0,2.9000000000014547
30,-2.772365254843839,0.4466525428920854,-2.3378424960028097,-0.6832117274639352,-0.7670686773425545,-1.2894637312362456,0.5045591363109396,0.4318141512746986,0.4904425184075592,0.5579759688800654,-1.460278054162677,53.0,45480.1,0.1999999999970896,-1.0,3.0999999999985453
31,-2.8599885974736248,0.5493131884288841,-2.3378424960028097,-0.6832117274639352,-0.7670686773425545,-1.2894637312362456,0.47947145299764227,0.5314040523796154,0.4658836164189739,0.5579759688800654,-1.460278054162677,51.0,45480.2,0.0999999999985448,-2.0,3.1999999999970896
32,-2.527019895480443,0.28239551003320756,-2.3378424960028097,-0.6832117274639352,-0.7670686773425545,-1.1285436969427116,0.4292960863710475,0.27283634863503736,0.41961597514840904,0.5579759688800654,-1.460278054162677,47.0,45480.3,0.10000000000582077,-4.0,3.3000000000029104
33,-3.08780928831108,0.7956987377172008,-2.3378424960028097,-0.6832117274639352,-0.7670686773425545,-1.3699237483830125,0.7554359694439134,0.7693995783123745,0.7339889216870111,0.5579759688800654,-1.460278054162677,50.0,45480.5,0.1999999999970896,3.0,3.5
34,-2.7022665807400146,0.5903774466436035,-2.3378424960028097,-0.6832117274639352,-0.7670686773425545,-1.2894637312362456,0.6550852361907239,0.5732415459268776,0.6377959303390708,0.5579759688800654,-1.460278054162677,50.0,45480.6,0.0999999999985448,0.0,3.5999999999985453
35,-2.4919705584285206,0.20026699360376868,-2.3378424960028097,-0.6832117274639352,-0.7670686773425545,-1.1285436969427116,0.07806851998488414,0.19245571369436504,0.07446127137846606,0.5579759688800654,-1.460278054162677,49.0,45480.7,0.0999999999985448,-1.0,3.6999999999970896
36,-2.5094952269544817,0.2618633809258479,-2.3378424960028097,-0.6832117274639352,-0.7670686773425545,-1.2090037140894787,0.4042084030577501,0.25280933548224804,0.3935844890947442,0.5579759688800654,-1.460278054162677,46.0,45480.9,0.2000000000043656,-3.0,3.900000000001455
37,-0.14366497595026498,-1.6065603678438871,-2.3378424960028097,-0.6832117274639352,-0.7670686773425545,-0.32394352547504207,-1.4271924788129589,-1.612358618423292,-1.4256743665316358,0.5579759688800654,-1.460278054162677,37.0,45481.0,0.0999999999985448,-9.0,4.0
38,-1.8610824914940787,0.7135702212877618,-2.3378424960028097,-0.6832117274639352,-0.7670686773425545,-0.8871636455024108,0.9561374359502925,0.704010971495023,0.9446159457051679,0.5579759688800654,-1.460278054162677,12.0,45481.1,0.0999999999985448,-25.0,4.099999999998545
39,-1.8435578229681175,-0.47729326693910235,-2.3378424960028097,-0.6832117274639352,-0.7670686773425545,-0.8067036283556438,-0.49894819622095565,-0.4733811426117398,-0.49390867503047536,0.5579759688800654,-1.460278054162677,29.0,45481.1,0.0,17.0,4.099999999998545
40,-1.8260331544421564,-0.579953912475901,-2.3378424960028097,-0.6832117274639352,-0.7670686773425545,-0.8067036283556438,-0.6996496627273346,-0.5749336364891641,-0.692660021104442,0.5579759688800654,-1.460278054162677,35.0,45481.2,0.0999999999985448,6.0,4.1999999999970905
41,-2.895037934525547,0.5082489302141646,-2.3378424960028097,-0.6832117274639352,-0.7670686773425545,-1.2894637312362456,0.529646819624237,0.4909061062802553,0.5150014203961445,0.5579759688800654,-1.460278054162677,42.0,45481.3,0.10000000000582077,7.0,4.3000000000029095
42,-2.982661277155333,0.7751666086098411,-2.3378424960028097,-0.5301503293971134,-0.7670686773425545,-1.3699237483830125,0.7052606028173187,0.7507043245409294,0.6849661231333941,1.0197309678508941,-1.460278054162677,46.0,45481.4,0.0999999999985448,4.0,4.400000000001455
43,-2.912562603051508,0.5493131884288841,-2.3378424960028097,-0.6832117274639352,-0.7670686773425545,-1.3699237483830125,0.6049098695641292,0.5308666757871432,0.5869205260261601,0.5579759688800654,-1.460278054162677,49.0,45481.6,0.1999999999970896,3.0,4.599999999998545
44,-2.1414771879093775,-0.4156968796170232,-2.3378424960028097,-0.6832117274639352,-0.7670686773425545,-0.9676236626491778,-0.524035879534253,-0.4124044754992513,-0.5179925499012931,0.5579759688800654,-1.460278054162677,47.0,45481.7,0.0999999999985448,-2.0,4.6999999999970905
45,-3.0001859456812943,1.4527268691527122,-2.3378424960028097,-0.6832117274639352,-0.7670686773425545,-1.5308437826765464,2.0098201351087828,1.4120163141770865,1.950723381136959,0.5579759688800654,-1.460278054162677,41.0,45481.8,0.10000000000582077,-6.0,4.8000000000029095
46,-2.562069232532365,-0.005054297469828603,-2.3378424960028097,-0.5301503293971134,-0.7670686773425545,-0.9676236626491778,-0.47386051290765824,-0.009434335677502756,-0.46849472422990845,1.0197309678508941,-1.460278054162677,46.0,45481.9,0.0999999999985448,5.0,4.900000000001455
47,-0.12614030742430385,-2.2225242410646793,-2.3378424960028097,-0.5301503293971134,-0.7670686773425545,-0.00210345688797422,-2.7317520111044225,-2.233141509693859,-2.7506200034090442,1.0197309678508941,-1.460278054162677,26.0,45482.1,0.1999999999970896,-20.0,5.099999999998545
48,-1.7909838173902342,0.17973486449640894,-2.3378424960028097,-0.5301503293971134,-0.7670686773425545,-0.8067036283556438,0.27876998649126317,0.17665762068233593,0.27625279100614536,1.0197309678508941,-1.460278054162677,6.0,45482.1,0.0,-20.0,5.099999999998545
49,-2.211575862013222,0.7751666086098411,-2.3378424960028097,-0.5301503293971134,-0.7670686773425545,-1.2090037140894787,1.257189635709861,0.7604705600041213,1.230202248907053,1.0197309678508941,-1.460278054162677,19.0,45482.1,0.0,13.0,5.099999999998545
50,-3.08780928831108,0.7956987377172008,-2.3378424960028097,-0.5301503293971134,-0.7670686773425545,-1.4503837655297795,0.855786702697103,0.7693995783123745,0.8298018913407375,1.0197309678508941,-1.460278054162677,36.0,45482.2,0.0999999999985448,17.0,5.1999999999970905
51,-2.8599885974736248,0.5493131884288841,-2.3378424960028097,-0.5301503293971134,-0.7670686773425545,-1.2894637312362456,0.5798221862508318,0.5314040523796154,0.564119224373315,1.0197309678508941,-1.460278054162677,42.0,45482.3,0.10000000000582077,6.0,5.3000000000029095
52,-2.7197912492659757,0.24133125181848814,-2.3378424960028097,-0.5301503293971134,-0.7670686773425545,-0.9676236626491778,-0.4487728295943609,0.2312052388515509,-0.4437458113942161,1.0197309678508941,-1.460278054162677,44.0,45482.4,0.0999999999985448,2.0,5.400000000001455
53,-2.1414771879093775,0.8778272541466396,-2.3378424960028097,-0.5301503293971134,-0.7670686773425545,-1.2090037140894787,1.4328034189029428,0.8625448543409028,1.4024470818095873,1.0197309678508941,-1.460278054162677,18.0,45482.5,0.0999999999985448,-26.0,5.5
54,-2.2816745361170465,-0.5388896542611815,-2.3378424960028097,-0.5301503293971134,-0.7670686773425545,-1.0480836797959447,-0.5992989294741452,-0.5336101553347016,-0.5917167585788256,1.0197309678508941,-1.460278054162677,40.0,45482.6,0.0999999999985448,22.0,5.599999999998545
55,-2.6321679066361896,0.40558828467736596,-2.3378424960028097,-0.5301503293971134,-0.7670686773425545,-1.2090037140894787,0.1282438866114789,0.3928348781540644,0.12291403739076194,1.0197309678508941,-1.460278054162677,40.0,45482.7,0.0999999999985448,0.0,5.6999999999970905
56,-1.5982124636047212,-0.39516475050966343,-2.3378424960028097,-0.5301503293971134,-0.7670686773425545,-0.64578359406211,-1.0257895458002007,-0.3921671845494076,-1.0182911103341363,1.0197309678508941,-1.460278054162677,15.0,45482.8,0.10000000000582077,-25.0,5.8000000000029095
57,-2.351773210220871,0.6930380921804021,-2.3378424960028097,-0.5301503293971134,-0.7670686773425545,-1.1285436969427116,0.6801729195040213,0.6779326306270023,0.6661550492697969,1.0197309678508941,-1.460278054162677,12.0,45482.8,0.0,-3.0,5.8000000000029095
58,-1.475539783923013,-0.39516475050966343,-2.3378424960028097,-0.5301503293971134,-0.7670686773425545,-0.7262436112088768,-0.37350977965446874,-0.3921671845494076,-0.3697840891577997,1.0197309678508941,-1.460278054162677,10.0,45482.8,0.0,-2.0,5.8000000000029095
59,-1.7033604747604483,-0.33356836318758426,-2.3378424960028097,-0.5301503293971134,-0.7670686773425545,-0.7262436112088768,-0.32333441302787397,-0.33116325920396755,-0.3200012472157545,1.0197309678508941,-1.460278054162677,6.0,45482.9,0.0999999999985448,-4.0,5.900000000001455
60,-1.6157371321306626,-0.354100492294944,-2.3378424960028097,-0.5301503293971134,-0.7670686773425545,-0.7262436112088768,-0.32333441302787397,-0.3514589606529931,-0.3200012472157545,1.0197309678508941,-1.460278054162677,3.0,45482.9,0.0,-3.0,5.900000000001455
61,-1.563163126552799,-0.354100492294944,-2.3378424960028097,-0.5301503293971134,-0.7670686773425545,-0.64578359406211,-0.32333441302787397,-0.35143559645332034,-0.3200012472157545,1.0197309678508941,-1.460278054162677,3.0,45482.9,0.0,0.0,5.900000000001455
62,-1.5281137895008767,-0.354100492294944,-2.3378424960028097,-0.5301503293971134,-0.7670686773425545,-0.64578359406211,-0.32333441302787397,-0.35142002032020525,-0.3200012472157545,1.0197309678508941,-1.460278054162677,1.0,45482.9,0.0,-2.0,5.900000000001455
63,-1.4930644524489745,-0.3746326214023037,-2.3378424960028097,-0.5301503293971134,-0.7670686773425545,-0.64578359406211,-0.32333441302787397,-0.37178581436824887,-0.3200012472157545,1.0197309678508941,-1.460278054162677,1.0,45482.9,0.0,0.0,5.900000000001455
64,-1.458015115397052,-0.39516475050966343,-2.3378424960028097,-0.5301503293971134,-0.7670686773425545,-0.64578359406211,-0.32333441302787397,-0.3921671845494076,-0.3200012472157545,1.0197309678508941,-1.460278054162677,0.0,45482.9,0.0,-1.0,5.900000000001455
65,-1.458015115397052,-0.39516475050966343,-2.3378424960028097,-0.5301503293971134,-0.7670686773425545,-1.3699237483830125,-0.32333441302787397,-0.3921671845494076,-0.3200012472157545,1.0197309678508941,-1.460278054162677,0.0,45482.9,0.0,0.0,5.900000000001455
