,total_voltage,total_current,soc,temp_max,temp_min,motor_voltage,motor_current,total_P,motor_P,tempMAXMINdiff,SOCgap,speed,mileage,milediff,speeddiff,milegap
0,-3.823845366401269,3.13636145595621,-2.1828793195551075,-0.3770889313302917,-0.902305838046074,-1.5308437826765464,2.310872334868351,3.0243485813244195,2.243720107376019,1.9432409657925516,-1.6167856582914277,35.0,44077.9,0.0,,0.0
1,-3.7712713608234054,0.3850561555700062,-2.2345337117043416,-0.3770889313302917,-0.902305838046074,-1.2090037140894787,-0.7749127126672268,0.3630883579374287,-0.762916531822271,1.9432409657925516,-1.5646164569151775,56.0,44078.1,0.1999999999970896,21.0,0.1999999999970896
2,-4.472258101861692,3.1568935850635698,-2.2345337117043416,-0.3770889313302917,-0.902305838046074,-2.0136038855571483,0.35403303643115536,3.0192863380619994,0.3315459475142948,1.9432409657925516,-1.5646164569151775,53.0,44078.2,0.0999999999985448,-3.0,0.2999999999956344
3,-2.7898899233698002,0.09760634806697004,-2.2345337117043416,-0.2240275332634699,-0.902305838046074,-0.9676236626491778,-0.7749127126672268,0.09006989669528083,-0.7654816782582161,2.4049959647633803,-1.5646164569151775,53.0,44078.4,0.2000000000043656,0.0,0.5
4,-3.122858625362982,0.8162308668245605,-2.2345337117043416,-0.2240275332634699,-0.902305838046074,-1.2090037140894787,-0.17280831314808967,0.7889670955382673,-0.17236281901358239,2.4049959647633803,-1.5646164569151775,53.0,44078.5,0.0999999999985448,0.0,0.5999999999985448
5,-3.105333956837021,1.0420842870055176,-2.2345337117043416,-0.3770889313302917,-0.902305838046074,-1.2894637312362456,0.6049098695641292,1.0094511538163315,0.5886781263619002,1.9432409657925516,-1.5646164569151775,54.0,44078.7,0.1999999999970896,1.0,0.7999999999956344
6,-3.0001859456812943,0.9188915123613591,-2.2345337117043416,-0.3770889313302917,-0.902305838046074,-1.2090037140894787,0.529646819624237,0.8908077478783215,0.5166165125965543,1.9432409657925516,-1.5646164569151775,51.0,44078.8,0.10000000000582077,-3.0,0.9000000000014552
7,-2.9300872715774497,0.8162308668245605,-2.2345337117043416,-0.3770889313302917,-0.902305838046074,-1.2090037140894787,0.47947145299764227,0.7914943231361988,0.46740370319583024,1.9432409657925516,-1.5646164569151775,51.0,44078.9,0.0999999999985448,0.0,1.0
8,-3.08780928831108,1.165277061649676,-2.2345337117043416,-0.3770889313302917,-0.902305838046074,-1.3699237483830125,1.0063128025768873,1.1298858150625828,0.9791029144550962,1.9432409657925516,-1.5646164569151775,50.0,44079.1,0.1999999999970896,-1.0,1.1999999999970896
9,-3.2280066365187294,1.1036806743275966,-2.2861881038535756,-0.2240275332634699,-0.902305838046074,-1.3699237483830125,0.9059620693236977,1.0675306601694043,0.8810573173478622,2.4049959647633803,-1.5124472555389272,53.0,44079.2,0.0999999999985448,3.0,1.2999999999956344
10,-2.877513265999586,1.0626164161128773,-2.2861881038535756,-0.3770889313302917,-0.902305838046074,-1.3699237483830125,1.4077157355896455,1.0330684656521605,1.3712853028840322,1.9432409657925516,-1.5124472555389272,51.0,44079.4,0.2000000000043656,-2.0,1.5
11,-2.421871884324696,-0.25143984675814535,-2.2861881038535756,-0.2240275332634699,-0.902305838046074,-0.8871636455024108,-0.8250880792938216,-0.2509422796277255,-0.8159295581651359,2.4049959647633803,-1.5124472555389272,53.0,44079.5,0.0999999999985448,2.0,1.5999999999985448
12,-3.192957299466807,1.309001965401194,-2.2861881038535756,-0.2240275332634699,-0.902305838046074,-1.3699237483830125,1.056488169203482,1.268135678559274,1.0281257130087131,2.4049959647633803,-1.5124472555389272,51.0,44079.6,0.0999999999985448,-2.0,1.6999999999970896
13,-0.21376365005408965,-2.1814599828499595,-2.2861881038535756,-0.3770889313302917,-0.902305838046074,0.07835656025879274,-0.4236851462810635,-2.1900773956637796,-0.42146703957091536,1.9432409657925516,-1.5124472555389272,29.0,44079.8,0.2000000000043656,-22.0,1.9000000000014552
14,-2.0538538452795914,-0.43622900872438286,-2.2861881038535756,-0.2240275332634699,-0.902305838046074,-0.404403542621809,-2.305261394778367,-0.43268070678188286,-2.3014343608479955,2.4049959647633803,-1.5124472555389272,23.0,44079.8,0.0,-6.0,1.9000000000014552
15,-2.7197912492659757,-0.02558642657718833,-2.2861881038535756,-0.2240275332634699,-0.902305838046074,-1.0480836797959447,-0.6494742961007399,-0.030209003219818748,-0.6411195788266567,2.4049959647633803,-1.5124472555389272,40.0,44079.9,0.0999999999985448,17.0,2.0
16,-4.209388073972335,1.7401766766557485,-2.2861881038535756,-0.2240275332634699,-0.902305838046074,-1.6113037998233135,0.9059620693236977,1.664723497837094,0.8740744187166783,2.4049959647633803,-1.5124472555389272,46.0,44080.0,0.0999999999985448,6.0,2.0999999999985453
17,-2.404347215798735,-0.2309077176507856,-2.2861881038535756,-0.2240275332634699,-0.902305838046074,-1.0480836797959447,-0.09754526320819754,-0.230736140944112,-0.0976885561005146,2.4049959647633803,-1.5124472555389272,46.0,44080.2,0.1999999999970896,0.0,2.2999999999956344
18,-3.2455313050446906,0.9394236414687189,-2.2861881038535756,-0.2240275332634699,-0.902305838046074,-1.2894637312362456,0.27876998649126317,0.9073106609138109,0.26941240051029186,2.4049959647633803,-1.5124472555389272,50.0,44080.3,0.10000000000582077,4.0,2.4000000000014547
19,-0.38901033531366125,-2.9000845016075503,-2.2861881038535756,-0.2240275332634699,-0.902305838046074,0.07835656025879274,-1.377017112186364,-2.908623886431514,-1.3853920669449429,2.4049959647633803,-1.5124472555389272,42.0,44080.4,0.0999999999985448,-8.0,2.5
20,-2.527019895480443,-0.2103755885434259,-2.3378424960028097,-0.2240275332634699,-0.902305838046074,-0.9676236626491778,-0.7247373460406321,-0.2108025845900135,-0.7159838525868315,2.4049959647633803,-1.460278054162677,42.0,44080.5,0.0999999999985448,0.0,2.5999999999985453
21,-2.772365254843839,-0.25143984675814535,-2.3378424960028097,-0.2240275332634699,-0.7670686773425545,-1.0480836797959447,-0.7749127126672268,-0.2514874442867553,-0.7646266294462344,1.9432409657925516,-1.460278054162677,50.0,44080.6,0.0999999999985448,8.0,2.6999999999970896
22,-0.6869297002549409,-1.7092210133806858,-2.3378424960028097,-0.2240275332634699,-0.7670686773425545,-0.16302349118150813,-2.65648896116453,-1.7080389101163094,-2.6658276628875264,1.9432409657925516,-1.460278054162677,24.0,44080.8,0.2000000000043656,-26.0,2.9000000000014547
23,-3.122858625362982,1.3295340945085539,-2.3378424960028097,-0.2240275332634699,-0.7670686773425545,-1.3699237483830125,1.056488169203482,1.2894477226940617,1.0281257130087131,1.9432409657925516,-1.460278054162677,22.0,44080.8,0.0,-2.0,2.9000000000014547
24,-4.524832107439555,2.520397582735418,-2.3378424960028097,-0.2240275332634699,-0.7670686773425545,-2.0136038855571483,2.2356092849284592,2.406326559648511,2.1413992662088766,1.9432409657925516,-1.460278054162677,41.0,44080.9,0.0999999999985448,19.0,3.0
25,-2.562069232532365,-0.16931133032870643,-2.3378424960028097,-0.2240275332634699,-0.7670686773425545,-1.0480836797959447,-0.7498250293539295,-0.17058500888672595,-0.7399252193223189,1.9432409657925516,-1.460278054162677,45.0,44081.0,0.0999999999985448,4.0,3.0999999999985453
26,-2.3868225472727937,-0.16931133032870643,-2.3378424960028097,-0.2240275332634699,-0.7670686773425545,-0.9676236626491778,-0.850175762607119,-0.17015666522605966,-0.8397284167652931,1.9432409657925516,-1.460278054162677,46.0,44081.1,0.0999999999985448,1.0,3.1999999999970896
27,-2.544544564006404,1.2884698362938343,-2.3378424960028097,-0.2240275332634699,-0.7670686773425545,-1.4503837655297795,2.13525855167527,1.2599465265739893,2.0774606161573566,1.9432409657925516,-1.460278054162677,21.0,44081.2,0.0999999999985448,-25.0,3.2999999999956344
28,-2.737315917791937,-0.16931133032870643,-2.3378424960028097,-0.2240275332634699,-0.7670686773425545,-1.0480836797959447,-0.7247373460406321,-0.17101335254739225,-0.7152238091984033,1.9432409657925516,-1.460278054162677,44.0,44081.3,0.10000000000582077,23.0,3.4000000000014547
29,-0.792077711410688,-2.2225242410646793,-2.3378424960028097,-0.2240275332634699,-0.7670686773425545,-0.16302349118150813,-0.6996496627273346,-2.219971889145009,-0.6983603465176533,1.9432409657925516,-1.460278054162677,32.0,44081.4,0.0999999999985448,-12.0,3.5
30,-1.3178177671894027,-1.2780463021261317,-2.3378424960028097,-0.2240275332634699,-0.7670686773425545,-0.404403542621809,-2.054384561645393,-1.2702405366491112,-2.050620042666699,1.9432409657925516,-1.460278054162677,18.0,44081.5,0.0999999999985448,-14.0,3.5999999999985453
31,-2.439396552850657,0.15920273538904922,-2.3378424960028097,-0.2240275332634699,-0.7670686773425545,-0.9676236626491778,-0.32333441302787397,0.1524523098214106,-0.3200012472157545,1.9432409657925516,-1.460278054162677,18.0,44081.5,0.0,0.0,3.5999999999985453
32,-2.2816745361170465,0.17973486449640894,-2.3894968881520438,-0.2240275332634699,-0.7670686773425545,-0.8871636455024108,-0.32333441302787397,0.17360469859176872,-0.3200012472157545,1.9432409657925516,-1.4081088527864267,4.0,44081.6,0.0999999999985448,-14.0,3.6999999999970896
33,-2.316723873168949,0.28239551003320756,-2.3894968881520438,-0.2240275332634699,-0.7670686773425545,-0.8871636455024108,-0.32333441302787397,0.27437838581343615,-0.3200012472157545,1.9432409657925516,-1.4081088527864267,0.0,44081.6,0.0,-4.0,3.6999999999970896
34,-2.2991992046430076,0.2618633809258479,-2.3894968881520438,-0.2240275332634699,-0.7670686773425545,-0.9676236626491778,-0.24807136308798183,0.2543046442613013,-0.2457545087086776,1.9432409657925516,-1.4081088527864267,4.0,44081.6,0.0,4.0,3.6999999999970896
35,-2.2641498675910854,0.2207991227111284,-2.3894968881520438,-0.2240275332634699,-0.7670686773425545,-0.8871636455024108,-0.32333441302787397,0.2141337969573591,-0.3200012472157545,1.9432409657925516,-1.4081088527864267,1.0,44081.6,0.0,-3.0,3.6999999999970896
36,-2.229100530539163,0.15920273538904922,-2.3894968881520438,-0.2240275332634699,-0.7670686773425545,-0.8871636455024108,-0.32333441302787397,0.15371397660373678,-0.3200012472157545,1.9432409657925516,-1.4081088527864267,0.0,44081.6,0.0,-1.0,3.6999999999970896
37,-2.0538538452795914,-0.005054297469828603,-2.3894968881520438,-0.2240275332634699,-0.7670686773425545,-0.8067036283556438,-0.32333441302787397,-0.007288723340892481,-0.3200012472157545,1.9432409657925516,-1.4081088527864267,1.0,44081.6,0.0,1.0,3.6999999999970896
38,-2.03632917675365,0.05654208985225058,-2.3894968881520438,-0.2240275332634699,-0.7670686773425545,-0.7262436112088768,-0.32333441302787397,0.05356722873995374,-0.3200012472157545,1.9432409657925516,-1.4081088527864267,3.0,44081.6,0.0,2.0,3.6999999999970896
39,-1.9662305026498057,-0.02558642657718833,-2.3894968881520438,-0.2240275332634699,-0.7670686773425545,-0.7262436112088768,-0.32333441302787397,-0.02719502146203946,-0.3200012472157545,1.9432409657925516,-1.4081088527864267,3.0,44081.6,0.0,0.0,3.6999999999970896
40,-1.9487058341238646,-0.02558642657718833,-2.3894968881520438,-0.2240275332634699,-0.7670686773425545,-0.7262436112088768,-0.32333441302787397,-0.027124928863021366,-0.3200012472157545,1.9432409657925516,-1.4081088527864267,0.0,44081.6,0.0,-3.0,3.6999999999970896
41,-1.7208851432864094,-0.39516475050966343,-2.3894968881520438,-0.2240275332634699,-0.7670686773425545,-0.64578359406211,-0.32333441302787397,-0.3921671845494076,-0.3200012472157545,1.9432409657925516,-1.4081088527864267,0.0,44081.6,0.0,0.0,3.6999999999970896
42,-1.6507864691825849,-0.10771494300662725,-2.3894968881520438,-0.2240275332634699,-0.7670686773425545,-0.565323576915343,-0.32333441302787397,-0.107318650206312,-0.3200012472157545,1.9432409657925516,-1.4081088527864267,0.0,44081.6,0.0,0.0,3.6999999999970896
43,-1.5806877950787601,-0.2309077176507856,-2.3894968881520438,-0.2240275332634699,-0.7670686773425545,-0.565323576915343,-0.32333441302787397,-0.229271984431289,-0.3200012472157545,1.9432409657925516,-1.4081088527864267,0.0,44081.6,0.0,0.0,3.6999999999970896
44,-1.4930644524489745,-0.39516475050966343,-2.3894968881520438,-0.2240275332634699,-0.7670686773425545,-0.484863559768576,-0.32333441302787397,-0.3921671845494076,-0.3200012472157545,1.9432409657925516,-1.4081088527864267,0.0,44081.6,0.0,0.0,3.6999999999970896
45,-1.4054411098191886,-0.39516475050966343,-2.3894968881520438,-0.2240275332634699,-0.7670686773425545,-0.484863559768576,-0.32333441302787397,-0.3921671845494076,-0.3200012472157545,1.9432409657925516,-1.4081088527864267,0.0,44081.6,0.0,0.0,3.6999999999970896
46,-1.3703917727672663,-0.39516475050966343,-2.3894968881520438,-0.2240275332634699,-0.7670686773425545,-0.484863559768576,-0.32333441302787397,-0.3921671845494076,-0.3200012472157545,1.9432409657925516,-1.4081088527864267,0.0,44081.6,0.0,0.0,3.6999999999970896
47,-1.3528671042413052,-0.39516475050966343,-2.3894968881520438,-0.2240275332634699,-0.7670686773425545,-1.2090037140894787,-0.32333441302787397,-0.3921671845494076,-0.3200012472157545,1.9432409657925516,-1.4081088527864267,0.0,44081.6,0.0,0.0,3.6999999999970896
