,total_voltage,total_current,soc,temp_max,temp_min,motor_voltage,motor_current,total_P,motor_P,tempMAXMINdiff,SOCgap,speed,mileage,milediff,speeddiff,milegap
0,5.919870334030917,-0.39516475050966343,1.6912000916374457,-2.213825708132153,-1.7137288022671908,2.5726170918085685,-0.32333441302787397,-0.3921671845494076,-0.3200012472157545,-0.8272890280324207,-1.6167856582914277,0.0,35635.0,0.0,,0.0
1,5.429179615304104,-0.02558642657718833,1.6912000916374457,-2.213825708132153,-1.7137288022671908,2.4116970575150347,-0.32333441302787397,0.002384055323608593,-0.3200012472157545,-0.8272890280324207,-1.6167856582914277,0.0,35635.0,0.0,0.0,0.0
2,5.113735581836884,-0.02558642657718833,1.6912000916374457,-2.213825708132153,-1.7137288022671908,2.2507770232215005,-0.32333441302787397,0.0011223885412823167,-0.3200012472157545,-0.8272890280324207,-1.6167856582914277,0.0,35635.0,0.0,0.0,0.0
3,5.096210913310922,-0.3746326214023037,1.6912000916374457,-2.213825708132153,-1.7137288022671908,2.2507770232215005,-0.32333441302787397,-0.3703216578554258,-0.3200012472157545,-0.8272890280324207,-1.6167856582914277,0.0,35635.0,0.0,0.0,0.0
4,5.113735581836884,-0.3746326214023037,1.6912000916374457,-2.213825708132153,-1.7137288022671908,2.2507770232215005,-0.32333441302787397,-0.37031776382214704,-0.3200012472157545,-0.8272890280324207,-1.6167856582914277,0.0,35635.0,0.0,0.0,0.0
5,5.113735581836884,-0.3746326214023037,1.6912000916374457,-2.213825708132153,-1.7137288022671908,2.2507770232215005,-0.32333441302787397,-0.37031776382214704,-0.3200012472157545,-0.8272890280324207,-1.6167856582914277,0.0,35635.0,0.0,0.0,0.0
6,5.113735581836884,-0.3746326214023037,1.6912000916374457,-2.213825708132153,-1.7137288022671908,2.2507770232215005,-0.32333441302787397,-0.37031776382214704,-0.3200012472157545,-0.8272890280324207,-1.6167856582914277,0.0,35635.0,0.0,0.0,0.0
7,5.096210913310922,-0.3746326214023037,1.6912000916374457,-2.213825708132153,-1.7137288022671908,2.2507770232215005,-0.32333441302787397,-0.3703216578554258,-0.3200012472157545,-0.8272890280324207,-1.6167856582914277,0.0,35635.0,0.0,0.0,0.0
8,5.0085875706811365,-0.2103755885434259,1.6912000916374457,-2.213825708132153,-1.7137288022671908,2.170317006074734,-0.32333441302787397,-0.19573267580111697,-0.3200012472157545,-0.8272890280324207,-1.6167856582914277,0.0,35635.0,0.0,0.0,0.0
9,3.9833944619126385,-0.02558642657718833,1.6912000916374457,-2.213825708132153,-1.7137288022671908,1.687556903194132,-0.17280831314808967,-0.0033985840953865806,-0.16210223326980208,-0.8272890280324207,-1.6167856582914277,7.0,35635.0,0.0,7.0,0.0
10,3.5365154145007387,0.6109095757509633,1.6912000916374457,-2.213825708132153,-1.7137288022671908,1.4461768517538311,0.45438376968434485,0.6612817443269193,0.4913925726430944,-0.8272890280324207,-1.6167856582914277,9.0,35635.0,0.0,2.0,0.0
11,2.9582013531441405,0.15920273538904922,1.6912000916374457,-2.213825708132153,-1.7137288022671908,1.20479680031353,-0.022282213268305387,0.18483509056778358,-0.0076234145717763765,-0.8272890280324207,-1.6167856582914277,14.0,35635.0,0.0,5.0,0.0
12,2.9757260216701016,-0.06665068479190779,1.6912000916374457,-2.213825708132153,-1.7137288022671908,0.8829567317264624,0.9310497526369951,-0.050177605873426366,0.9720725131121356,-0.8272890280324207,-1.6167856582914277,9.0,35635.0,0.0,-5.0,0.0
13,1.608801876645451,-0.2103755885434259,1.6912000916374457,-2.213825708132153,-1.7137288022671908,0.48065664599262753,0.32894535311785794,-0.20253165790587488,0.3457017556237695,-0.8272890280324207,-1.6167856582914277,28.0,35635.1,0.0999999999985448,19.0,0.0999999999985448
14,0.9779138097109893,0.5903774466436035,1.6395456994882116,-2.213825708132153,-1.7137288022671908,0.23927659455232667,0.6299975528774265,0.6124934013770266,0.6475339862533067,-0.8272890280324207,-1.5646164569151775,28.0,35635.2,0.0999999999985448,0.0,0.1999999999970896
15,0.609895770665885,0.5698453175362438,1.6395456994882116,-2.213825708132153,-1.7137288022671908,0.07835656025879274,0.529646819624237,0.5877195616573988,0.5424579878031122,-0.8272890280324207,-1.5646164569151775,32.0,35635.2,0.0,4.0,0.1999999999970896
16,0.03158170930930662,1.0626164161128773,1.6395456994882116,-2.213825708132153,-1.7137288022671908,-0.16302349118150813,1.0314004858901846,1.078963541875916,1.0420915102710808,-0.8272890280324207,-1.5646164569151775,35.0,35635.3,0.10000000000582077,3.0,0.3000000000029104
17,0.41712441688035223,0.2207991227111284,1.6395456994882116,-2.213825708132153,-1.7137288022671908,-0.08256347403474118,0.5547345029375343,0.23200740970698047,0.5644992460675291,-0.8272890280324207,-1.5646164569151775,35.0,35635.4,0.0999999999985448,0.0,0.4000000000014552
18,-0.09109097037240148,0.7751666086098411,1.6395456994882116,-2.213825708132153,-1.7137288022671908,-0.16302349118150813,0.6299975528774265,0.7873277075278988,0.6385084710157222,-0.8272890280324207,-1.5646164569151775,36.0,35635.5,0.0999999999985448,1.0,0.5
19,0.014057040783345477,0.3029276391405673,1.6395456994882116,-2.213825708132153,-1.7137288022671908,0.07835656025879274,-0.37350977965446874,0.31218555491715605,-0.37073414339333494,-0.8272890280324207,-1.5646164569151775,36.0,35635.6,0.0999999999985448,0.0,0.5999999999985448
20,0.3295010742505664,-0.18984345943606615,1.6395456994882116,-2.213825708132153,-1.7137288022671908,0.07835656025879274,-0.32333441302787397,-0.1843036881278841,-0.3200012472157545,-0.8272890280324207,-1.5646164569151775,35.0,35635.7,0.0999999999985448,-1.0,0.6999999999970896
21,-0.7044543687809021,1.1858091907570356,1.6395456994882116,-2.213825708132153,-1.7137288022671908,-0.484863559768576,1.3575403689630505,1.1906911447108048,1.357272002909888,-0.8272890280324207,-1.5646164569151775,41.0,35635.8,0.10000000000582077,6.0,0.8000000000029104
22,-0.5642570205732329,0.7751666086098411,1.6395456994882116,-2.213825708132153,-1.7137288022671908,-0.404403542621809,1.131751219143374,0.7813347903118494,1.1347217982357642,-0.8272890280324207,-1.5646164569151775,46.0,35635.9,0.0999999999985448,5.0,0.9000000000014552
23,0.11920505193909242,-0.18984345943606615,1.6395456994882116,-2.213825708132153,-1.7137288022671908,-0.08256347403474118,-0.32333441302787397,-0.18477097212133825,-0.3200012472157545,-0.8272890280324207,-1.5646164569151775,44.0,35636.1,0.1999999999970896,-2.0,1.0999999999985448
24,0.20682839456887822,-0.18984345943606615,1.6395456994882116,-2.213825708132153,-1.7137288022671908,-0.32394352547504207,0.9059620693236977,-0.18457627045739902,0.9113165447496587,-0.8272890280324207,-1.5646164569151775,35.0,35636.2,0.0999999999985448,-9.0,1.1999999999970896
25,-0.9673243966702595,1.3295340945085539,1.5878913073389775,-2.213825708132153,-1.7137288022671908,-0.565323576915343,1.583329518782727,1.3296808745304645,1.5789671587720302,-0.8272890280324207,-1.5124472555389272,42.0,35636.3,0.10000000000582077,7.0,1.3000000000029104
26,-0.8972257225664348,1.1858091907570356,1.5878913073389775,-2.213825708132153,-1.7137288022671908,-0.565323576915343,1.4829787855295375,1.187392898523674,1.4790214531937256,-0.8272890280324207,-1.5124472555389272,42.0,35636.4,0.0999999999985448,0.0,1.4000000000014552
27,-0.7044543687809021,0.7956987377172008,1.5878913073389775,-2.213825708132153,-1.7137288022671908,-0.404403542621809,0.855786702697103,0.8001157128154276,0.8588260482363381,-0.8272890280324207,-1.5124472555389272,44.0,35636.5,0.0999999999985448,2.0,1.5
28,-0.581781689099194,0.6519738339656826,1.5878913073389775,-2.213825708132153,-1.7137288022671908,-0.404403542621809,0.9310497526369951,0.6576096709450253,0.9340703436907271,-0.8272890280324207,-1.5124472555389272,42.0,35636.6,0.0999999999985448,-2.0,1.5999999999985448
29,-0.0034676277426156686,-0.16931133032870643,1.5878913073389775,-2.213825708132153,-1.7137288022671908,-0.08256347403474118,-0.32333441302787397,-0.16433119144099775,-0.3200012472157545,-0.8272890280324207,-1.5124472555389272,40.0,35636.8,0.2000000000043656,-2.0,1.8000000000029104
30,-0.8096023799366491,1.0626164161128773,1.5878913073389775,-2.213825708132153,-1.7137288022671908,-0.565323576915343,1.257189635709861,1.0656926764618182,1.2541436156425405,-0.8272890280324207,-1.5124472555389272,41.0,35636.9,0.0999999999985448,1.0,1.9000000000014552
31,-0.35396099826175886,0.2618633809258479,1.5878913073389775,-2.213825708132153,-1.7137288022671908,-0.404403542621809,0.8056113360705082,0.2681362504675443,0.8086631846000789,-0.8272890280324207,-1.5124472555389272,44.0,35637.0,0.0999999999985448,3.0,2.0
32,0.08415571488717014,-0.16931133032870643,1.5878913073389775,-2.213825708132153,-1.7137288022671908,-0.08256347403474118,-0.32333441302787397,-0.1641170196106646,-0.3200012472157545,-0.8272890280324207,-1.5124472555389272,36.0,35637.1,0.0999999999985448,-8.0,2.0999999999985453
33,-0.33643632973579773,0.46718467199944513,1.5878913073389775,-2.213825708132153,-1.7137288022671908,-0.32394352547504207,0.4042084030577501,0.47464462330805074,0.40873785415153085,-0.8272890280324207,-1.5124472555389272,36.0,35637.2,0.0999999999985448,0.0,2.1999999999970896
34,0.2418777316207806,-0.354100492294944,1.5878913073389775,-2.213825708132153,-1.7137288022671908,-0.00210345688797422,-0.6494742961007399,-0.35063342559789074,-0.6491475371169293,-0.8272890280324207,-1.5124472555389272,24.0,35637.3,0.10000000000582077,-12.0,2.3000000000029104
35,0.2418777316207806,-0.16931133032870643,1.5878913073389775,-2.213825708132153,-1.7137288022671908,-0.00210345688797422,-0.32333441302787397,-0.163731510316065,-0.3200012472157545,-0.8272890280324207,-1.5124472555389272,0.0,35637.3,0.0,-24.0,2.3000000000029104
36,0.294451737198664,-0.16931133032870643,1.5878913073389775,-2.060764310065331,-1.7137288022671908,-0.00210345688797422,-0.32333441302787397,-0.163603007217865,-0.3200012472157545,-0.36553402906159194,-1.5124472555389272,0.0,35637.3,0.0,0.0,2.3000000000029104
37,0.3295010742505664,-0.16931133032870643,1.5878913073389775,-2.060764310065331,-1.7137288022671908,-0.00210345688797422,-0.32333441302787397,-0.16351733848573186,-0.3200012472157545,-0.36553402906159194,-1.5124472555389272,0.0,35637.3,0.0,0.0,2.3000000000029104
38,0.3645504113024887,-0.16931133032870643,1.5878913073389775,-2.060764310065331,-1.7137288022671908,0.07835656025879274,-0.32333441302787397,-0.1634316697535985,-0.3200012472157545,-0.36553402906159194,-1.5124472555389272,0.0,35637.3,0.0,0.0,2.3000000000029104
39,0.399599748354411,-0.16931133032870643,1.5878913073389775,-2.060764310065331,-1.7137288022671908,0.07835656025879274,-0.32333441302787397,-0.16334600102146513,-0.3200012472157545,-0.36553402906159194,-1.5124472555389272,0.0,35637.3,0.0,0.0,2.3000000000029104
40,0.41712441688035223,-0.16931133032870643,1.5878913073389775,-2.060764310065331,-1.7137288022671908,0.07835656025879274,-0.32333441302787397,-0.1633031666553987,-0.3200012472157545,-0.36553402906159194,-1.5124472555389272,0.0,35637.3,0.0,0.0,2.3000000000029104
41,0.43464908540631336,-0.16931133032870643,1.5878913073389775,-2.060764310065331,-1.7137288022671908,0.07835656025879274,-0.32333441302787397,-0.16326033228933198,-0.3200012472157545,-0.36553402906159194,-1.5124472555389272,0.0,35637.3,0.0,0.0,2.3000000000029104
42,0.4521737539322745,-0.16931133032870643,1.5878913073389775,-2.060764310065331,-1.5784916415636714,0.07835656025879274,-0.32333441302787397,-0.16321749792326534,-0.3200012472157545,-0.8272890280324207,-1.5124472555389272,0.0,35637.3,0.0,0.0,2.3000000000029104
43,0.4696984224582356,-0.16931133032870643,1.5878913073389775,-2.060764310065331,-1.5784916415636714,0.07835656025879274,-0.32333441302787397,-0.1631746635571987,-0.3200012472157545,-0.8272890280324207,-1.5124472555389272,0.0,35637.3,0.0,0.0,2.3000000000029104
44,0.4696984224582356,-0.16931133032870643,1.5878913073389775,-2.060764310065331,-1.5784916415636714,0.07835656025879274,-0.32333441302787397,-0.1631746635571987,-0.3200012472157545,-0.8272890280324207,-1.5124472555389272,0.0,35637.3,0.0,0.0,2.3000000000029104
45,0.4872230909841968,-0.16931133032870643,1.5878913073389775,-2.060764310065331,-1.5784916415636714,0.07835656025879274,-0.32333441302787397,-0.16313182919113198,-0.3200012472157545,-0.8272890280324207,-1.5124472555389272,0.0,35637.3,0.0,0.0,2.3000000000029104
46,0.4872230909841968,-0.16931133032870643,1.5878913073389775,-2.060764310065331,-1.5784916415636714,0.07835656025879274,-0.32333441302787397,-0.16313182919113198,-0.3200012472157545,-0.8272890280324207,-1.5124472555389272,0.0,35637.3,0.0,0.0,2.3000000000029104
