,total_voltage,total_current,soc,temp_max,temp_min,motor_voltage,motor_current,total_P,motor_P,tempMAXMINdiff,SOCgap,speed,mileage,milediff,speeddiff,milegap
0,-2.4744458899025794,2.130287129695583,-1.7179897902120012,-0.3770889313302917,-0.902305838046074,-1.2894637312362456,3.038415150953975,2.08791924650885,2.970891619254671,1.9432409657925516,-1.6167856582914277,45.0,34457.8,0.0,,0.0
1,-1.6069747978676918,0.8778272541466396,-1.7438169862866182,-0.3770889313302917,-0.902305838046074,-0.8871636455024108,1.3575403689630505,0.8699084712710845,1.341358594464673,1.9432409657925516,-1.5907010576033027,22.5,34458.0,0.1999999999970896,-22.5,0.1999999999970896
2,-1.9837551711757668,0.28239551003320756,-1.7696441823612352,-0.3770889313302917,-0.902305838046074,-1.0480836797959447,0.9059620693236977,0.27681994467923404,0.8903678488561073,1.9432409657925516,-1.5646164569151775,50.0,34458.1,0.0999999999985448,27.5,0.2999999999956344
3,-1.9487058341238646,0.3747900910163264,-1.7696441823612352,-0.3770889313302917,-0.902305838046074,-1.0480836797959447,0.9435935942936438,0.36833751479723037,0.9274199640419806,1.9432409657925516,-1.5646164569151775,48.5,34458.3,0.2000000000043656,-1.5,0.5
4,-0.7395037058328044,-0.3746326214023037,-1.7696441823612352,-0.3770889313302917,-0.902305838046074,-0.484863559768576,-0.32333441302787397,-0.3716183709372611,-0.3200012472157545,1.9432409657925516,-1.5646164569151775,0.0,34458.2,-0.10000000000582077,-48.5,0.3999999999941792
5,-0.7979192675860016,-0.4156968796170232,-1.7696441823612352,-0.3770889313302917,-0.902305838046074,-0.511683565484168,-0.3400595352367389,-0.41270301805062476,-0.33667997712848385,1.9432409657925516,-1.5646164569151775,7.0,34458.26666666666,0.06666666666569654,7.0,0.4666666666598758
6,-0.8563348293391988,-0.4567611378317426,-1.7696441823612352,-0.3770889313302917,-0.902305838046074,-0.5385035711997509,-0.35678465744560384,-0.45373574472027134,-0.35333759472486787,1.9432409657925516,-1.5646164569151775,14.0,34458.33333333333,0.06666666666569654,7.0,0.5333333333255723
7,-0.9147503910923761,-0.4978253960464621,-1.7696441823612352,-0.3770889313302917,-0.902305838046074,-0.565323576915343,-0.37350977965446874,-0.49471655094620076,-0.36997410000490677,1.9432409657925516,-1.5646164569151775,21.0,34458.399999999994,0.06666666666569654,7.0,0.5999999999912689
8,-0.9731659528455533,-0.5388896542611815,-1.7696441823612352,-0.3770889313302917,-0.902305838046074,-0.5921435826309258,-0.39023490186333365,-0.5356454367284131,-0.38658949296860035,1.9432409657925516,-1.5646164569151775,28.0,34458.46666666666,0.06666666666569654,7.0,0.6666666666569654
9,-1.0315815145987703,-0.579953912475901,-1.7696441823612352,-0.3770889313302917,-0.902305838046074,-0.6189635883465179,-0.40696002407219856,-0.5765224020669082,-0.40318377361594876,1.9432409657925516,-1.5646164569151775,35.0,34458.53333333333,0.0666666666729725,7.0,0.7333333333299379
10,-1.9136564970719423,0.46718467199944513,-1.7696441823612352,-0.3770889313302917,-0.902305838046074,-1.0480836797959447,0.9812251192635899,0.4599251775142449,0.9644720792278539,1.9432409657925516,-1.5646164569151775,47.0,34458.5,-0.03333333333284827,12.0,0.6999999999970896
11,-1.0899970763519478,-0.6210181706906205,-1.7696441823612352,-0.3770889313302917,-0.902305838046074,-0.64578359406211,-0.4236851462810635,-0.6173474469616864,-0.41975694194695196,1.9432409657925516,-1.5646164569151775,42.0,34458.6,0.0999999999985448,-5.0,0.7999999999956344
12,-1.0128885348377465,-0.5758474866544291,-1.779975060791082,-0.4077012109436559,-0.902305838046074,-0.5975075837740479,-0.4036149996304256,-0.5724621714477851,-0.3998970082073238,1.850889965998386,-1.5541826166399273,33.6,34458.7,0.0999999999985448,-8.399999999999999,0.8999999999941792
13,-0.9357799933235255,-0.5306768026182377,-1.7903059392209286,-0.4383134905570202,-0.902305838046074,-0.5492315734859858,-0.3835448529797877,-0.5275015074496067,-0.37999147186439003,1.7585389662042206,-1.5437487763646776,25.2,34458.8,0.0999999999985448,-8.400000000000002,1.0
14,-0.8586714518093244,-0.48550611858204623,-1.8006368176507757,-0.46892577017038495,-0.902305838046074,-0.5009555631979147,-0.36347470632914974,-0.4824654549671508,-0.3600403329181506,1.6661879664100536,-1.5333149360894274,16.799999999999994,34458.899999999994,0.0999999999985448,-8.400000000000006,1.0999999999912689
15,-0.7815629102951033,-0.44033543454585483,-1.8109676960806222,-0.49953804978374916,-0.902305838046074,-0.45267955290985273,-0.3434045596785119,-0.43735401400041785,-0.3400435913686054,1.5738369666158882,-1.5228810958141774,8.399999999999999,34459.0,0.10000000000582077,-8.399999999999995,1.1999999999970896
16,-1.0374230707740841,-0.3130362340802245,-1.8212985745104693,-0.5301503293971134,-0.902305838046074,-0.565323576915343,-0.32333441302787397,-0.31023672436377897,-0.3200012472157545,1.4814859668217228,-1.5124472555389272,17.0,34459.1,0.0999999999985448,8.600000000000001,1.2999999999956344
17,-0.8336987991598283,-0.348967460018104,-1.8212985745104693,-0.7406097517389933,-1.0206383536616535,-5.85556970431527,-0.32333441302787397,-0.3459794473870433,-0.3200012472157545,1.2506084673363085,-1.5124472555389272,14.875,34459.1,0.0,-2.125,1.2999999999956344
18,-0.6299745275455723,-0.3848986859559836,-1.8212985745104693,-0.9510691740808732,-1.1389708692772331,-11.145815831715199,-0.32333441302787397,-0.3818806088893381,-0.3200012472157545,1.0197309678508941,-1.5124472555389272,12.75,34459.1,0.0,-2.125,1.2999999999956344
19,-0.42625025593133614,-0.4208299118938631,-1.8212985745104693,-1.161528596422753,-1.2573033848928126,-16.436061959115126,-0.32333441302787397,-0.4179402088706635,-0.3200012472157545,0.7888534683654798,-1.5124472555389272,10.625,34459.1,0.0,-2.125,1.2999999999956344
20,-0.22252598431708018,-0.4567611378317426,-1.8212985745104693,-1.371988018764633,-1.3756359005083922,-21.726308086515054,-0.32333441302787397,-0.45415824733101945,-0.3200012472157545,0.5579759688800654,-1.5124472555389272,8.5,34459.1,0.0,-2.125,1.2999999999956344
21,-0.0188017127028242,-0.49269236376962217,-1.8212985745104693,-1.582447441106513,-1.4939684161239717,-27.01655421391498,-0.32333441302787397,-0.49053472427040595,-0.3200012472157545,0.32709846939465104,-1.5124472555389272,6.375,34459.1,0.0,-2.125,1.2999999999956344
22,0.18492255891139192,-0.5286235897075017,-1.8212985745104693,-1.792906863448393,-1.6123009317395514,-32.30680034131491,-0.32333441302787397,-0.5270696396888229,-0.3200012472157545,0.09622096990923672,-1.5124472555389272,4.25,34459.1,0.0,-2.125,1.2999999999956344
23,0.3886468305256479,-0.5645548156453812,-1.8212985745104693,-2.0033662857902725,-1.7306334473551308,-37.59704646871484,-0.32333441302787397,-0.5637629935862705,-0.3200012472157545,-0.13465652957617763,-1.5124472555389272,2.125,34459.1,0.0,-2.125,1.2999999999956344
24,-0.7044543687809021,-0.39516475050966343,-1.8212985745104693,-0.5301503293971134,-0.902305838046074,-0.404403542621809,-0.32333441302787397,-0.3921671845494076,-0.3200012472157545,1.4814859668217228,-1.5124472555389272,0.0,34459.1,0.0,-2.125,1.2999999999956344
